-- min:16 max:64701297 med:4896 sybil:1064
2 3 672
4 3 3248
5 3 480
6 1 560
6 4 22282
5 7 3520
9 8 4688
9 4 124651
10 4 271251
4 11 16
1 11 7024
4 5 6848
11 5 192
12 11 40464
14 13 147348
10 2 642560
4 15 7424
11 7 6768
11 16 6640
0 16 243904
16 11 800
0 2 77328
16 2 21440
1 2 110944
17 2 1259924
11 17 110816
10 16 2288
2 16 1376
17 16 39200
18 16 130085
5 18 192
18 1 288112
19 1 473375
11 19 3040
19 16 24448
21 11 229097
22 11 334584
23 11 3984
23 21 41264
24 23 49176
25 16 12416
25 5 12512
26 17 17408
27 26 817
11 27 3280
27 6 1504
0 27 24768
2 27 15824
28 27 816
7 28 2192
0 11 32
26 29 16
29 5 14144
24 5 1520
13 20 29296
30 20 9024
15 6 7520
30 22 2256
31 22 11900
30 13 28025
31 13 363376
32 13 22609
7 32 112
33 32 22336
1 3 2384
36 11 3888
10 37 4960
0 37 32864
1 37 28736
2 37 4432
17 37 2864
5 2 16
21 7 144
7 38 1456
38 0 205424
39 0 17024
24 39 48
39 37 32
10 25 640
39 15 80
40 6 3600
5 6 4896
1 5 1056
40 7 2848
41 11 2224
40 41 16464
1 38 240
38 1 43152
7 42 208
42 2 2288
5 38 11520
38 42 1984
43 8 224
43 20 176
5 16 528
5 43 7642
21 44 7952
44 17 46064
41 45 50
10 45 50
4 45 25
0 45 50
9 45 25
44 38 1104
46 28 272
46 6 272
45 6 368
47 20 928
2 47 44272
2 48 9520
46 20 176
48 16 4368
49 48 11881
48 8 48
46 38 35824
40 48 176
27 50 25
29 50 25
50 15 16
50 11 736
51 11 240
16 7 80
9 21 1184
1 7 960
51 30 304
42 51 8352
37 1 116528
1 45 144
40 52 21840
42 52 13424
52 11 2224
53 11 1136
52 7 4144
1 16 3728
27 7 10816
53 41 480
29 53 800
30 53 17184
54 53 5328
54 2 1344
28 54 592
30 23 23776
52 5 38432
55 5 6960
7 55 128
52 38 16
5 55 4368
52 55 1344
30 52 2544
53 32 272
17 55 244000
56 20 96
53 56 25
9 56 25
7 56 25
51 56 25
0 56 25
10 56 25
32 23 16
30 6 144
38 6 16
57 11 10080
53 57 3472
0 53 4272
58 57 27120
58 5 64
58 15 11632
58 0 21392
58 53 9648
9 0 8176
59 9 8176
11 15 656
59 11 336
59 1 16
55 6 4000
52 37 38058
39 6 32
1 6 16
42 57 432
61 52 2944
58 61 8128
43 61 9072
61 43 6336
43 58 1296
61 58 6176
60 61 1664
62 43 11136
62 58 4608
58 62 16272
43 62 3888
43 0 6160
2 62 7968
58 59 9392
43 64 17216
58 64 15424
64 58 14144
43 9 12544
58 9 7936
64 43 15808
65 58 7488
65 43 4608
58 65 32768
43 65 22000
43 66 19840
58 66 33360
63 43 3584
59 43 192
66 58 7168
58 43 1296
66 43 2432
43 67 18976
58 67 13104
67 43 8080
67 58 9920
58 54 6896
64 54 7120
43 54 5232
63 67 2016
58 51 7440
43 51 8144
58 68 25440
43 68 19056
63 68 3952
43 69 25104
58 69 25616
63 69 3136
43 70 28976
58 70 31184
43 71 31712
58 71 23504
63 71 2128
58 72 29328
43 72 31984
63 70 4544
43 73 18000
58 73 14768
43 74 16992
58 74 22480
43 75 23168
58 75 29968
63 75 3184
43 76 26368
58 76 21536
58 77 31136
43 77 25264
43 78 15440
58 78 17264
58 79 33296
43 79 25072
77 79 1376
63 79 2640
58 80 24848
43 80 30992
63 80 6096
58 81 14544
43 81 18832
63 81 6592
58 82 22832
43 82 22880
63 82 12944
43 83 33936
63 83 5488
58 83 22208
43 84 20816
58 84 20208
63 84 15456
43 85 9216
58 85 9424
81 84 224
79 61 256
43 86 27312
63 86 5952
58 86 28336
84 81 800
63 87 1760
43 87 30224
58 87 20800
81 85 576
63 85 12320
81 87 48
58 88 28576
43 88 19056
43 89 24304
58 89 20624
63 89 4608
58 90 16928
43 90 15584
43 91 31360
58 91 30784
63 91 5536
73 87 9040
43 92 26384
58 92 32336
43 93 22992
58 93 35696
58 94 36352
43 94 21536
43 95 16400
58 95 20960
63 95 9280
58 96 27872
43 96 21568
43 97 17200
63 97 3040
58 97 23728
58 98 22256
43 98 18144
63 98 1488
63 99 1584
43 99 22640
58 99 28816
81 96 720
58 100 17296
43 100 15232
81 100 768
63 100 2592
58 101 29552
43 101 8944
58 102 22112
63 102 6720
43 102 14016
43 103 21920
58 103 19472
63 103 5072
63 104 14032
58 104 26688
43 104 22864
63 105 7696
43 105 18560
58 105 10928
43 106 31216
58 106 30128
63 93 3904
76 75 272
63 106 144
58 107 35008
43 107 7072
58 108 31696
43 108 20832
58 109 18016
43 109 22048
63 109 3776
108 89 32
58 110 39088
43 110 23424
63 110 4448
108 103 16
96 101 144
58 111 32672
43 111 23936
81 101 464
63 111 1200
58 112 30720
43 112 30192
63 112 32
58 113 38784
43 113 26944
43 114 26720
58 114 25168
58 115 27632
43 115 19376
63 115 3616
43 116 32336
63 116 6992
58 116 17936
43 117 26288
58 117 22144
43 118 27616
58 118 21056
58 119 22080
43 119 20624
103 112 288
63 119 4480
58 120 23488
43 120 37952
58 121 38256
43 121 31872
103 120 208
58 122 29312
43 122 26320
43 123 18672
58 123 19344
43 124 30448
58 124 18448
63 124 3568
58 125 17264
43 125 20432
63 126 8384
43 126 16464
58 126 19008
103 110 400
43 127 32432
63 127 10080
117 104 432
63 118 8288
58 127 14960
43 128 17872
58 128 36624
63 128 1040
58 129 28128
43 129 11760
63 129 13376
43 130 19408
58 130 14800
63 130 12000
43 131 30192
58 131 17552
63 131 16528
43 132 36832
58 132 33552
63 132 1376
58 133 27072
43 133 20496
43 134 28912
58 134 30016
43 135 20544
58 135 26272
43 136 22768
58 136 26880
43 137 7264
58 137 29440
43 138 23072
58 138 9104
58 139 20592
43 139 17280
103 117 224
140 139 1344
58 140 28080
43 140 15376
113 140 5632
43 141 14624
58 141 27776
58 142 14128
43 142 6496
58 143 10976
43 143 8304
138 140 16
141 144 1056
119 118 80
43 144 2128
58 144 1280
43 145 15952
58 145 20928
67 144 2048
58 146 10208
108 146 128
101 142 32
144 147 1888
103 143 16
73 78 176
147 144 48
128 148 80
138 147 1440
108 126 768
30 149 144
87 150 256
131 83 32
128 83 320
113 83 864
149 151 48
122 137 1872
148 83 384
150 151 5408
43 146 8992
43 149 3616
58 149 3312
65 147 336
109 150 2608
152 150 2288
152 157 896
69 156 10976
155 145 240
108 112 352
155 157 224
134 138 128
152 154 4848
159 39 496
158 159 64
142 160 2976
92 146 16
144 149 7328
160 161 4787
63 160 144
156 159 4160
158 39 368
157 160 142116
154 161 112
163 161 96
147 165 654
163 164 752
154 147 112
142 166 75
162 166 25
141 166 50
159 154 176
142 156 4032
113 123 32
148 159 32
152 155 368
165 159 16
152 161 1760
160 167 5088
164 167 672
157 3 480
152 168 4080
157 162 1152
164 168 3712
165 168 1760
165 58 96
63 122 3280
158 154 1184
163 154 48
161 149 336
10 166 25
147 157 256
171 170 16
152 170 2672
164 165 3296
168 170 64
164 170 720
154 163 368
152 165 736
149 171 13712
168 155 1217
63 117 512
147 168 576
169 56 112
73 163 64
43 173 20160
58 173 23760
161 172 16
43 174 31344
58 174 21472
171 163 880
43 175 19440
58 175 25408
73 170 2592
43 176 14640
58 176 23248
173 58 5120
58 177 27488
43 177 33296
149 172 64
43 178 30832
58 178 32784
43 179 17952
58 179 15792
173 43 9152
58 180 13760
154 162 976
43 180 15456
43 181 34736
58 181 21488
142 173 5376
43 182 33424
58 182 15216
58 183 26272
43 183 33440
105 181 16
43 184 23456
58 184 9168
43 185 29696
58 185 18384
58 186 19408
43 186 35136
43 187 28416
58 187 17968
161 169 32
147 187 512
43 188 24208
58 188 18080
43 189 7088
58 189 20160
43 190 36688
58 190 19072
58 191 28880
43 191 26880
43 192 32224
58 192 21168
43 193 19856
58 193 31536
43 194 20960
58 194 10544
147 194 64
63 194 240
43 195 27648
58 195 15968
43 196 30736
58 196 20368
152 16 1376
43 197 30320
58 197 22960
43 198 29728
58 198 15680
178 149 208
43 199 30176
58 199 13392
58 200 26768
43 200 26384
43 201 40192
58 201 28880
63 201 3856
43 202 44384
58 202 15344
43 203 49152
58 203 23008
43 204 22560
58 204 16144
58 205 12432
43 205 26400
43 206 27472
58 206 27936
174 201 848
163 201 112
164 166 25
63 206 2464
105 169 496
43 207 32352
58 207 22640
58 208 19168
43 208 29392
43 209 17168
58 209 25360
147 166 256
43 210 38256
58 210 17856
43 211 20864
58 211 11168
152 167 5888
43 212 18544
58 212 7120
63 212 832
43 213 29664
58 213 18144
43 214 21136
58 214 15728
63 214 800
43 215 33776
58 215 15072
63 190 50096
43 216 26800
58 216 20304
160 212 15610
43 217 30576
58 217 17808
151 182 46032
43 218 11312
58 218 9488
58 219 25312
174 163 2960
43 219 27952
43 221 24848
58 221 21952
58 222 15856
43 222 24720
147 105 352
43 223 26112
58 223 22608
164 154 16
43 224 29152
58 224 27472
142 153 8176
43 225 26160
58 225 20736
201 182 128
43 226 26784
58 226 15968
43 227 31248
58 227 33264
212 168 1408
170 154 1776
171 55 16
58 228 14864
189 170 144
43 228 23696
63 228 608
58 229 23392
43 229 28288
63 222 4032
43 230 29104
58 230 23936
63 230 5616
58 231 25424
43 231 25264
149 170 1616
161 166 336
63 231 4032
43 232 32992
58 232 30800
58 233 36512
43 233 20256
166 226 176
225 226 800
43 234 19920
58 234 14288
43 235 28208
58 235 30464
43 236 24976
58 236 10384
43 237 31744
58 237 29344
149 194 368
43 238 25440
58 238 33952
170 147 2384
189 147 96
199 191 5472
173 228 752
43 239 24928
58 239 32256
147 154 176
187 239 80
43 240 25984
58 240 24544
152 225 32
232 225 208
43 241 18480
58 241 34672
234 231 688
154 165 16
43 242 35744
58 242 24928
152 241 2096
187 242 32
43 243 1264
43 244 29792
58 244 20480
43 245 30784
58 245 33056
43 246 32320
58 246 16048
43 247 30208
58 247 23168
226 230 32
43 248 40352
170 105 128
154 105 208
58 248 24992
57 83 32
43 249 29392
58 249 22368
63 249 1488
43 250 35280
58 250 40352
58 251 18576
43 251 32944
58 252 6976
43 252 9488
43 253 33424
58 253 29424
221 217 2704
244 153 32
43 254 35264
58 254 20992
154 194 336
170 194 1632
43 255 25552
58 255 13440
63 246 1456
154 250 64
43 256 16672
58 256 14080
58 257 20080
43 257 28544
63 257 32
43 258 23920
58 258 27712
43 220 11840
58 220 12576
43 259 20304
173 178 4320
58 259 23088
155 166 25
43 260 30864
58 260 14704
43 261 30112
58 261 32480
170 182 9168
58 262 12560
43 262 20688
159 171 32
63 262 16
43 263 23200
58 263 27632
63 263 6288
58 264 16832
43 264 28288
63 264 2768
58 265 13936
63 265 4208
43 265 19744
43 266 26128
58 266 13696
237 168 48
187 168 144
63 266 240
43 267 23408
58 267 24080
63 267 2640
43 268 21088
58 268 15504
58 269 17312
43 269 18720
147 53 3760
154 53 112
269 267 1625
14 267 550
58 270 23392
63 270 1248
43 270 22544
43 271 32528
58 271 24544
43 272 20928
58 272 32576
63 233 1536
43 273 25504
58 273 31248
43 274 34688
58 274 16480
43 275 39840
58 275 27712
205 233 2288
63 275 3968
43 276 19184
58 276 22976
63 276 272
43 277 30016
58 277 22528
161 197 128
43 278 21856
58 278 16384
87 130 64
154 158 320
171 158 272
43 279 34176
58 279 23312
58 280 23872
43 280 21920
221 275 80
167 275 128
43 281 11872
58 281 7376
63 268 2800
43 282 13056
58 282 19376
170 205 32
43 283 36256
58 283 28912
170 53 1152
58 284 18784
43 284 46912
205 229 256
58 285 16624
43 285 25824
152 230 2032
242 230 128
63 285 992
43 286 22496
58 286 12880
63 286 1328
43 287 25920
58 287 25712
161 275 656
43 288 27856
58 288 9376
239 275 48
63 288 352
43 289 17616
58 289 20384
43 290 36944
58 290 27744
126 160 272
164 287 2272
43 291 36576
58 291 23616
43 292 22592
58 292 25264
43 293 33408
58 293 27856
293 279 416
151 171 288
43 294 32800
58 294 23680
43 295 33456
58 295 25552
43 296 30752
58 296 32960
162 290 80
63 248 2448
63 289 3056
43 297 17520
58 297 30800
275 165 2912
43 298 28176
58 298 25456
43 299 13904
58 299 16224
72 73 144
67 292 656
43 300 24176
58 300 22048
166 292 160
163 292 144
43 301 18992
58 301 31648
63 301 2608
43 302 25456
58 302 22672
154 156 352
171 156 1968
171 231 64
43 303 12768
63 303 992
58 303 14208
43 304 24704
58 304 25072
293 290 4768
275 290 64
126 97 40
43 305 33568
58 305 28560
275 292 48
39 168 1424
167 168 528
43 306 45280
58 306 34224
58 243 4032
58 307 17184
43 307 24944
63 307 3312
270 167 1776
170 236 1312
43 308 20512
152 308 1568
308 267 1400
49 267 1100
31 267 500
58 308 17040
43 309 31584
58 309 15552
63 309 960
43 310 35184
58 310 26944
287 157 4304
290 168 48
287 168 432
43 311 18576
58 311 38176
63 311 1872
279 293 13018
58 312 20656
43 312 25504
63 312 6720
167 166 64
58 313 18672
43 313 15040
63 313 416
152 110 1152
256 301 496
58 314 22000
43 314 31136
43 315 20992
58 315 36464
258 230 144
58 316 16112
43 316 19840
221 315 1104
63 316 96
58 317 28672
43 317 26352
63 317 208
43 318 24416
58 318 27024
63 318 3520
152 172 512
157 191 144
290 162 64
43 319 34768
58 319 26672
290 319 368
314 319 672
270 160 43872
43 320 23200
58 320 35056
150 149 832
63 320 1632
43 321 35552
58 321 13216
58 322 17632
43 322 19264
58 323 26320
43 323 37904
63 323 224
58 324 21040
43 324 14560
191 5 1120
63 324 1232
43 325 28464
58 325 41056
325 275 3360
43 326 25184
58 326 21904
290 292 16
43 327 25264
58 327 29424
290 256 128
43 328 24736
58 328 31728
173 328 976
43 52 3072
58 52 5120
43 329 20800
58 329 36928
240 312 240
43 330 19872
58 330 34416
58 331 21920
43 331 27680
233 290 7248
319 290 160
43 332 29728
58 332 39264
43 333 25104
58 333 24768
58 334 34192
43 334 31424
157 326 480
43 335 16880
58 335 14032
172 226 144
43 336 12496
58 336 19472
63 336 4112
58 337 18480
43 337 11632
58 338 25184
43 338 38704
290 331 192
63 287 4032
43 339 33760
58 339 25376
63 339 4032
43 340 27424
58 340 35696
316 333 160
182 333 48
161 333 16
58 341 27920
43 341 18256
290 297 272
63 341 304
138 297 128
43 342 19664
58 342 31328
63 342 4032
166 298 3104
43 343 21808
58 343 23712
152 309 544
43 344 17248
58 344 29760
290 323 128
326 337 2448
165 333 32
63 343 2848
43 345 28816
58 345 27648
152 345 432
186 345 848
63 345 1952
43 346 23632
221 327 64
5 327 1056
165 336 112
163 236 1952
58 346 26192
63 344 432
7 244 48
58 347 28528
43 347 19424
43 348 28928
58 348 28752
43 349 24016
58 349 24016
110 170 672
331 205 80
58 350 46128
43 350 25648
58 351 27952
43 351 34032
157 347 496
43 352 35232
58 352 32864
221 331 160
61 301 7808
155 308 384
58 353 41200
43 353 32960
316 350 1504
275 284 368
58 354 34544
43 354 24960
63 305 144
58 355 37344
43 355 19520
297 275 46
43 356 16560
58 356 24512
290 182 176
148 182 176
185 199 656
356 107 80
67 107 672
67 342 1792
356 342 320
152 186 8528
43 357 21696
58 357 26544
43 358 24672
58 358 30528
43 359 18176
58 359 25456
58 360 25472
63 360 304
43 360 36336
158 188 1072
58 361 11088
43 361 9088
63 361 1360
354 361 16
338 354 384
43 362 22640
58 362 34064
162 354 1776
157 354 32
43 363 29728
58 363 29856
63 293 2464
43 364 25232
58 364 14128
292 319 624
292 311 2160
221 311 96
43 365 27056
58 365 12192
292 168 16
63 365 4992
58 366 21760
43 366 23984
58 367 11488
43 367 21488
275 288 2384
58 368 36688
43 368 19600
58 369 17776
43 369 29136
67 294 544
27 368 6609
43 370 16560
58 370 25488
58 371 30000
43 371 21104
172 186 11024
43 372 39488
58 372 24720
105 363 6272
231 343 2352
368 217 18752
182 361 176
63 357 944
360 354 576
43 373 24928
58 373 22032
63 373 2944
58 374 23984
43 374 17536
63 374 336
43 375 23248
58 375 32048
244 226 768
43 376 19696
182 161 1584
58 376 24704
58 377 23872
43 377 17344
361 338 1328
186 338 320
222 358 16
350 7 96
58 378 23808
43 378 16144
63 378 80
290 171 32
157 171 1728
367 361 1680
43 379 14064
58 379 20512
5 276 176
58 380 30464
43 380 27904
43 381 22912
58 381 21040
244 165 32
254 276 176
58 382 10704
43 382 8464
173 304 2064
58 383 37184
43 383 31232
43 384 22544
58 384 9456
161 347 160
182 347 48
172 236 80
10 187 176
43 385 22576
58 385 37184
58 386 26064
43 386 28224
43 387 15136
58 387 23568
58 388 28208
43 388 15376
361 325 352
58 389 19984
43 389 25104
63 389 80
43 390 19344
58 390 9760
361 168 4368
185 374 96
58 391 22352
43 391 31280
150 144 3328
388 379 96
222 389 240
43 392 19424
58 392 15344
354 168 48
43 393 16848
58 393 25808
249 333 112
58 394 28592
43 394 16976
63 381 2352
43 395 31312
58 395 27968
258 169 4928
43 396 36544
58 396 34256
165 361 112
63 396 128
58 397 25008
124 139 1472
151 281 128
43 397 14448
43 398 29840
58 398 35904
58 399 26128
327 383 5392
43 399 25312
392 275 208
157 361 256
63 322 1056
43 400 28752
58 400 32960
63 400 1920
169 325 176
58 401 20352
205 234 112
43 401 25888
63 401 16
58 402 23440
43 402 32160
166 326 608
58 403 27888
43 403 40240
173 302 144
356 302 64
43 404 20432
58 404 18816
290 339 32
221 324 160
43 405 22320
58 405 25424
63 405 2464
279 396 160
58 406 21824
43 406 22624
388 384 3440
87 362 288
58 407 29024
43 407 23680
152 381 112
58 408 33120
43 408 18768
161 391 64
166 391 496
58 409 34736
43 409 28752
379 169 32
363 267 144
43 410 27856
58 410 27104
277 384 7696
147 407 5488
63 394 3200
43 411 16544
58 411 29328
110 319 96
401 361 29264
43 412 20416
58 412 31936
63 412 160
361 349 608
152 352 848
43 413 19584
58 413 27872
63 413 4016
21 311 30176
58 414 23952
43 414 22112
151 166 25
414 384 176
43 415 24624
58 415 15088
361 160 1072
43 416 21376
58 416 23744
167 258 528
417 416 672
43 417 14304
58 417 17792
63 417 704
251 417 32
325 417 16
382 384 224
393 384 2208
173 258 87872
43 418 9232
58 418 14928
146 418 2128
43 419 9664
58 419 15200
378 419 3200
416 417 7088
63 420 1232
43 420 7488
58 420 12896
327 420 832
351 420 336
267 160 208
369 236 288
421 236 48
331 236 400
337 236 32
386 236 48
398 236 288
43 421 7392
58 421 2336
160 164 1568
422 164 352
43 422 11664
58 422 11152
417 343 3810
416 343 4928
105 343 960
123 343 112
43 423 3456
58 423 5120
423 417 368
173 389 512
58 424 4448
43 424 5216
422 417 46
43 425 8400
58 425 7776
43 426 10592
58 426 9216
421 58 1600
43 427 23664
58 427 13904
236 427 64
96 427 112
384 361 2784
160 361 177264
428 361 6608
43 428 8256
58 428 10960
252 354 1488
43 429 11264
58 429 6016
161 324 16
43 430 13968
58 430 9696
174 236 32
343 422 32
423 422 1008
430 347 256
384 417 3968
43 431 9824
58 431 16816
101 88 2816
236 88 48
43 432 7024
58 432 10704
417 341 192
63 432 576
58 433 6736
222 164 960
367 164 20032
427 164 384
105 164 736
417 164 24576
367 433 4240
43 433 11248
432 160 320
434 417 7616
288 417 83904
433 417 2880
419 176 48
43 434 9344
58 434 6752
38 434 144
43 435 10496
58 435 9456
63 435 1296
435 392 480
43 436 11568
58 436 16656
361 430 272
43 437 12144
58 437 7120
437 417 576
123 417 1472
43 438 10592
58 438 11552
63 424 944
417 438 16
9 140 293248
438 140 71408
43 439 11856
58 439 6992
160 168 752
417 168 6080
337 168 848
63 439 416
43 440 6432
58 440 11664
63 440 1360
58 441 13984
43 441 6848
222 400 832
63 428 224
166 222 1600
43 442 17552
58 442 16464
442 430 1456
43 443 28608
58 443 24272
58 444 13664
43 444 13264
384 226 48
43 445 14640
58 445 28560
58 7 576
417 382 1392
43 446 13968
58 446 9472
164 123 16
417 123 2912
5 330 367
222 330 1216
43 447 11008
58 447 9520
43 448 7632
58 448 8016
43 449 13408
58 449 14400
433 214 544
393 417 1008
43 450 8448
58 450 13120
288 164 13120
417 424 9872
43 451 21808
58 451 11616
451 450 9024
361 450 96
63 451 448
58 452 16448
43 452 15376
151 452 624
63 452 16
43 453 13744
58 453 9216
378 427 1440
378 344 400
43 454 10544
58 454 8128
63 454 176
377 236 384
382 239 160
267 239 112
43 455 5872
58 455 7232
43 456 12304
58 456 12880
63 456 1216
43 457 8080
58 457 9648
222 198 48
43 458 12064
58 458 9744
63 458 752
63 459 944
43 459 20880
58 459 19024
422 169 32
67 422 3360
43 460 10416
58 460 26784
290 166 48
43 461 18224
58 461 17120
43 53 3792
63 461 256
43 462 10144
58 462 10528
63 462 1536
43 463 10768
58 463 10352
58 464 6848
43 464 5472
426 58 128
43 465 13904
58 465 5808
417 288 256
63 465 1088
43 466 13152
58 466 13680
422 466 80
88 466 191
43 467 18272
58 467 12976
63 467 1440
58 468 336
43 468 304
343 164 80
275 164 208
58 469 22128
43 469 12880
43 470 9696
58 470 11744
63 470 832
160 429 736
160 357 6736
43 471 12672
58 471 23536
361 472 304
251 338 64
58 472 5632
43 472 4240
43 473 27216
58 473 23408
58 474 12096
43 474 7424
43 475 11008
58 475 17552
63 475 224
327 430 8726
323 430 272
160 351 80
43 476 14096
58 476 13520
63 476 1632
63 446 464
152 45 48
172 408 1456
43 477 192
361 477 96
58 478 5120
43 478 3392
58 479 19232
43 479 8624
43 480 9648
58 480 18784
43 481 16080
58 481 17072
163 170 3792
43 482 7520
58 482 9072
43 483 17664
58 483 3888
160 267 256
63 330 1072
142 330 816
141 330 976
427 309 3552
166 309 4816
431 309 1648
67 439 144
43 484 15520
58 484 19056
160 420 1392
361 420 1744
166 455 1472
43 485 8992
58 485 6912
43 486 8128
58 486 2128
343 423 960
58 487 1920
43 487 1760
327 274 80
169 274 80
43 488 12800
58 488 14240
63 441 64
43 489 8976
58 489 10224
158 489 128
288 367 21024
191 367 1184
43 490 17504
58 490 13776
43 491 8976
58 491 8976
361 326 704
236 326 160
428 326 15616
43 492 13600
58 492 18960
428 367 61920
58 493 19376
43 493 12544
343 427 174
63 430 672
43 494 23504
58 494 23808
63 494 3488
63 407 496
43 495 384
236 253 64
58 496 5648
43 496 5184
422 487 32
43 497 8176
58 497 11184
160 497 320
1 88 48
160 191 2192
43 498 13296
58 498 11936
43 499 9888
58 499 6256
361 431 352
424 431 16
43 500 16208
58 500 23568
58 501 15264
43 501 18048
43 502 15424
58 502 20352
43 503 13008
58 503 13232
43 504 8560
58 504 11152
58 505 15840
63 505 192
43 505 11472
384 388 32
43 506 4992
58 506 3824
43 507 288
43 508 5360
58 508 4320
417 439 784
164 439 16
43 509 14832
58 509 11232
417 434 1888
367 434 32
43 510 10480
58 510 16928
343 424 192
416 424 3696
58 511 13152
43 511 13200
58 512 15360
43 512 13264
382 512 25
58 513 9648
43 513 11568
463 471 1584
63 513 496
43 514 8912
58 514 16976
63 514 1360
43 515 8416
58 515 3104
160 127 16
58 516 8624
43 516 2944
43 517 6544
58 517 6960
43 518 14368
58 518 14336
63 450 139184
43 519 12144
58 519 23072
244 322 48
43 520 22080
58 520 8608
63 520 400
155 154 304
43 521 9520
58 521 8672
63 521 368
258 264 448
43 522 18848
58 522 20240
43 523 9600
58 523 15488
43 524 5744
58 524 8768
63 524 496
63 525 192
58 526 9792
43 526 7056
160 476 640
58 527 17328
43 527 8912
63 392 640
43 528 14496
58 528 18576
384 56 192
43 529 16800
148 472 528
58 529 11312
43 530 4656
58 530 3744
166 338 352
160 39 1872
43 531 6480
58 531 1088
63 531 352
43 532 15040
58 532 22208
58 533 12976
43 533 15792
417 453 336
105 453 176
63 533 3680
43 534 15360
58 534 18336
43 535 8720
58 535 7840
361 535 480
428 460 4400
43 536 23552
58 536 19600
384 429 464
148 429 48
163 429 64
151 493 1280
58 537 16768
43 537 12224
63 537 96
43 539 6224
58 539 336
43 540 5984
58 540 9424
63 382 80
63 540 1920
43 541 10352
63 541 1120
58 541 11872
485 489 64
158 493 160
58 542 7696
43 542 11856
417 472 1248
43 543 15824
58 543 15328
63 543 576
489 541 192
43 544 27088
58 544 19504
220 399 208
58 545 7952
43 545 10416
63 545 880
43 546 15424
58 546 12496
43 547 11504
58 547 12544
63 547 1968
361 357 6832
417 422 592
327 422 1456
164 422 32
43 548 6848
58 548 9728
63 548 192
63 479 400
65 59 7984
43 549 5760
58 549 8176
43 550 7008
58 550 13920
43 551 17136
58 551 21344
230 111 1600
43 552 12400
58 552 12176
58 553 25680
43 553 11968
417 431 32
63 542 1824
472 542 4720
553 542 1072
58 554 12336
216 422 288
43 554 7088
43 555 5184
58 555 9520
43 556 11312
58 556 13920
361 367 16
63 556 800
43 557 17728
58 557 13584
63 557 512
139 228 64
148 542 10624
63 558 192
43 558 16160
58 558 16336
58 559 10368
43 559 9008
43 560 11712
58 560 12464
43 561 10160
58 561 13952
43 562 4752
58 562 6704
43 563 12560
58 563 14896
43 564 9792
427 230 1776
240 230 192
58 564 7488
58 565 9712
43 565 8608
63 564 576
105 553 992
417 43 448
43 566 7728
63 566 896
58 566 2592
43 567 10544
58 567 10016
43 568 24128
58 568 25888
123 422 16
417 553 672
43 569 7136
58 569 9552
415 416 80
378 416 432
58 570 18016
43 570 11152
407 293 2480
58 571 12656
43 571 14864
63 571 1664
152 497 80
58 572 16592
43 572 18400
451 236 880
63 572 368
43 573 14576
58 573 19536
43 574 13888
58 574 8576
167 190 8512
29 190 11760
433 190 2032
378 190 512
367 190 2944
105 190 23888
153 190 5488
7 190 151660
0 190 7184
63 469 32
43 575 16288
58 575 24848
63 555 1376
535 542 944
169 429 192
63 575 736
43 576 11008
58 576 10672
43 577 12144
58 577 14720
63 576 736
63 577 816
43 578 14896
58 578 17376
43 579 17920
58 579 17664
160 454 80
236 439 352
43 580 23584
58 580 18416
63 509 256
63 580 336
43 581 7456
58 581 7616
63 581 592
43 582 16944
58 582 14720
361 469 240
309 576 304
105 435 48
43 583 7520
58 583 8992
63 583 2640
63 422 1536
43 584 10704
58 584 7728
63 584 384
43 586 9424
58 586 18160
43 587 21808
58 587 14448
58 588 15200
43 588 17040
417 545 176
43 589 16192
63 589 272
58 589 10448
417 528 192
148 528 224
58 590 11776
43 590 12336
236 444 48
43 585 6304
58 585 7312
43 591 10224
58 591 13744
63 523 1152
67 457 544
43 592 5520
58 592 11600
472 338 5664
58 593 18912
43 593 13792
43 594 12528
58 594 15408
43 595 11808
58 595 16768
43 596 10896
58 596 20224
164 565 16
43 597 8336
58 597 8544
43 147 2848
43 598 8512
58 598 4256
148 570 2112
43 599 10944
58 599 13408
542 483 272
43 600 7712
58 600 8784
63 600 1184
43 601 7776
58 601 7712
58 602 12336
43 602 27744
43 603 5248
58 603 4224
361 292 3136
58 605 14544
43 605 13920
63 605 2896
63 565 672
58 606 7600
43 606 6160
63 606 496
7 600 1552
58 607 12416
43 607 12160
58 608 14192
63 473 1056
43 608 10640
160 367 704
58 609 15936
43 609 9088
417 166 112
43 610 13664
58 610 12464
58 611 5712
43 611 5728
140 417 176
384 437 32
344 437 96
43 612 8672
58 612 9456
43 525 128
43 613 6736
58 613 8016
43 614 2320
58 614 2416
58 615 4176
63 359 352
43 615 5216
610 540 3040
43 616 14976
58 616 23232
43 617 20320
58 617 9856
417 610 1530
429 161 352
43 618 9856
58 618 11008
43 619 7936
58 619 10128
63 603 192
58 620 6096
43 620 7552
63 620 464
275 347 176
43 621 12560
58 621 9392
58 622 17504
43 622 16288
63 149 192
141 149 896
142 149 1920
58 623 7232
43 623 11792
58 624 12720
43 604 22512
58 604 28016
417 437 128
43 624 15024
147 192 288
58 625 8672
43 625 8912
63 625 608
43 626 4112
58 626 11680
43 627 10592
58 627 10544
43 628 23600
58 628 20576
67 297 224
43 629 8960
58 629 13536
7 546 160
43 630 7104
58 630 8784
147 220 1024
43 631 13424
58 631 27728
357 308 2576
43 632 13920
58 632 10448
63 632 288
166 231 64
166 431 528
43 633 9472
58 633 10720
63 633 176
290 318 96
325 318 4544
43 634 6704
58 634 5408
43 635 15744
58 635 16320
165 83 160
552 631 288
632 537 160
58 636 19824
43 636 17488
63 636 1200
63 425 656
58 637 6560
43 637 10576
63 517 1248
58 638 7856
43 639 7280
58 639 4464
76 82 4384
0 616 48
382 637 16
222 182 48
430 182 1040
43 640 5280
58 640 3968
43 638 10448
43 641 7424
58 641 7568
58 642 9360
43 642 17472
63 642 1008
599 612 128
421 608 1072
537 417 32
165 331 224
43 643 10784
58 643 12928
627 417 64
500 417 288
43 644 15024
58 644 11440
150 236 128
43 645 12976
58 645 15760
581 542 256
58 646 12912
384 646 672
540 636 96
43 646 6400
63 646 368
43 647 8768
58 647 9024
63 647 784
105 417 768
43 648 10656
58 648 8432
63 648 2544
43 649 19296
58 649 17296
43 650 11520
58 650 20496
63 650 496
43 651 8256
58 651 7776
63 651 3616
43 44 1280
58 44 2544
43 652 7664
58 652 19152
63 652 1232
384 475 256
417 452 112
58 653 10416
43 653 10416
361 307 928
43 654 22896
58 654 12064
58 655 15856
43 655 15216
63 655 1088
537 627 224
43 656 9696
58 656 9776
63 656 1184
43 657 12208
58 657 12160
58 658 9360
43 658 4144
43 659 6128
58 659 14560
63 659 144
43 660 8240
58 660 8432
318 105 400
43 661 7744
58 661 9760
43 662 13184
58 662 10864
43 663 14736
58 663 11712
58 664 10128
43 664 8224
63 664 2160
163 207 928
58 665 9616
43 665 9520
43 11 1296
58 11 1712
160 647 96
660 473 256
43 666 9776
58 666 9552
43 667 7456
293 188 32
58 667 6848
43 668 12976
58 668 13376
63 668 2112
63 660 1168
421 660 352
337 338 1424
58 669 12512
43 669 10560
58 670 20608
236 486 64
43 670 17232
58 671 11872
43 671 10448
63 671 320
58 672 5856
43 672 3488
43 673 18448
58 673 25984
537 643 112
343 341 64
43 674 20448
58 674 13664
221 242 144
428 611 32
43 675 6096
58 675 4592
63 665 2208
58 676 8112
43 676 7728
479 645 5360
63 672 1392
58 677 11584
43 677 8144
58 678 10816
43 678 9168
63 678 400
58 679 12880
43 679 6752
417 665 144
58 680 12928
43 680 13648
43 681 10432
58 681 12064
58 682 16640
43 682 20480
63 682 592
142 150 1024
141 150 1120
43 683 8288
58 683 9008
43 684 10544
58 684 10304
63 685 1376
43 685 13664
58 685 13392
63 683 1440
63 686 2032
43 686 8496
58 686 9872
58 687 7744
43 687 7776
63 687 1296
43 688 17360
63 688 2080
58 688 11760
43 689 6128
58 689 8416
58 690 7008
43 690 5568
686 610 320
63 690 832
43 691 8528
58 691 14608
43 692 8400
58 692 8256
43 693 5936
58 693 7568
58 694 20880
43 694 13712
63 694 672
361 674 288
43 695 12080
58 695 16208
63 585 784
429 540 80
542 417 32
63 628 16
58 696 12256
43 696 12064
163 105 1488
172 164 48
343 166 80
43 697 7792
58 697 7168
535 274 32
43 698 5120
63 698 3744
58 698 5392
63 697 1008
63 295 1568
43 699 12592
63 699 576
58 699 6896
43 700 13504
58 700 12512
540 699 192
63 701 128
43 701 7392
58 701 14320
43 702 8384
58 702 12560
58 703 13296
43 703 10304
636 610 608
43 704 6608
58 704 12656
63 704 624
43 705 18656
58 705 13344
63 705 1648
151 610 496
509 610 48
63 680 416
43 706 13504
58 706 12080
43 707 6048
58 707 9024
63 707 1552
43 708 11824
63 708 3440
58 708 7840
43 709 11968
58 709 8096
63 709 560
63 710 1024
43 710 9008
58 710 10560
58 711 7984
43 711 10016
63 711 1216
43 712 5200
58 712 7744
421 453 5168
326 536 64
43 713 6944
58 713 6064
63 713 576
43 714 6128
58 714 6304
43 715 13072
58 715 13312
43 716 17072
58 716 22896
236 436 160
58 717 3616
43 717 8096
58 718 9696
43 718 3600
58 719 13760
43 719 14848
43 720 13024
58 720 18048
43 721 8384
58 721 9488
63 721 528
43 722 6320
58 722 5584
43 723 5472
58 723 6864
63 723 1216
43 724 11968
58 724 24656
63 724 1280
610 553 224
43 725 6800
58 725 7376
63 725 1248
43 726 10192
58 726 12368
63 726 432
43 727 9056
58 727 17472
43 728 15344
58 728 11920
63 728 816
58 729 13360
43 729 9312
63 729 4960
43 730 15600
58 730 11376
63 730 736
43 731 8144
58 731 11520
22 731 2304
43 732 11072
58 732 8416
63 732 1840
58 733 10944
43 733 8896
63 733 1088
43 734 12496
58 734 21184
721 732 16
58 735 9536
43 735 11488
63 735 624
58 736 16848
43 736 13040
63 736 336
58 737 14240
43 737 7264
610 721 1840
43 738 11520
58 738 10128
58 739 9360
43 739 4896
43 740 10304
58 740 10096
63 740 1296
63 738 128
43 741 9952
58 741 11536
63 741 2432
678 429 208
223 738 6176
63 742 4528
43 742 5296
58 742 5248
702 417 1136
43 743 10592
58 743 8080
63 744 4048
610 616 16
58 744 6272
43 744 5424
610 683 48
462 744 192
43 745 12192
58 745 13440
702 163 7264
63 745 496
58 746 10288
43 746 12448
169 376 1728
63 727 544
574 610 96
63 746 640
58 747 8656
43 747 8736
63 747 2864
58 748 16608
43 748 12992
77 80 144
43 749 13104
58 749 9616
43 750 6352
58 750 14080
63 750 192
43 751 19328
58 751 9280
43 752 5952
58 752 8560
63 752 912
63 630 384
217 105 48
173 512 25
186 512 25
401 512 25
491 512 25
449 512 25
753 731 9568
58 754 6464
43 754 8736
683 678 16
63 749 2160
151 745 7792
725 73 6976
63 754 1120
58 753 6544
43 753 4896
43 755 14256
58 755 22832
58 161 80
63 755 416
43 15 912
63 15 1056
43 756 7648
58 756 8176
63 756 2816
417 405 128
43 757 5776
58 757 6016
58 758 14240
43 758 21408
63 758 912
63 574 704
63 757 176
746 627 304
63 759 400
58 759 8912
43 759 5136
58 760 12512
43 760 9616
63 760 1728
0 419 80
759 417 432
43 761 10288
58 761 11488
420 16 1312
63 761 1200
417 760 32
58 762 6768
610 309 544
43 762 7664
63 762 1392
105 761 256
574 429 208
55 147 224
293 405 368
105 759 304
43 763 5136
58 763 6544
63 763 1024
63 532 16
43 764 4624
58 764 8784
63 764 1856
430 381 16
105 659 16
105 43 112
43 766 10544
58 766 16304
63 766 720
744 309 768
43 767 9472
58 767 8416
760 732 32
420 766 368
63 767 1680
393 420 80
43 768 4992
58 768 12192
63 768 1520
766 764 384
43 769 8672
63 769 3136
58 769 10576
244 473 320
58 770 9328
43 770 5600
152 360 48
417 764 96
63 765 1216
43 765 3888
58 765 6256
63 497 144
421 497 144
63 770 208
58 771 8064
43 771 8496
63 771 1152
287 150 304
417 748 16
163 748 240
433 644 432
63 607 816
742 748 1392
748 763 7902
43 772 1792
58 772 3472
770 754 304
745 743 816
497 771 32
58 773 13328
43 773 11040
63 773 2064
63 772 816
39 771 48
236 281 32
58 774 10336
43 774 8352
58 775 11888
63 775 3360
43 775 10992
683 775 16
43 776 9632
58 776 9920
63 776 1312
43 777 11104
58 777 8448
63 777 1056
776 771 528
43 778 2928
58 778 3440
63 778 1856
63 614 128
58 779 7776
43 779 9456
63 779 2880
283 167 432
63 154 16208
58 780 5552
63 780 1568
43 780 3872
464 428 1616
43 781 12400
58 781 20192
754 436 1872
63 781 1872
43 782 12192
58 782 9456
63 782 1280
599 274 48
63 188 1664
58 783 14544
43 783 8912
63 783 912
63 640 544
275 187 256
58 784 6912
43 784 6624
63 784 1856
459 732 528
43 785 4880
58 785 10448
151 780 128
150 472 800
782 472 1472
63 785 560
43 786 9920
63 786 1536
58 786 9920
683 777 32
741 472 1424
43 787 9280
63 787 2032
58 787 7936
43 788 9008
58 788 9568
63 788 3936
153 267 112
760 770 1207
81 89 4496
43 789 6400
58 789 6384
63 789 2336
63 466 624
154 155 656
181 212 332
43 790 6432
58 790 8480
160 778 592
63 790 272
43 791 6272
58 791 7088
63 791 1904
473 729 96
645 158 1088
459 773 240
58 792 13920
63 792 1584
43 792 8400
63 88 128
760 281 16
58 793 7872
43 793 11904
63 793 2192
160 338 624
740 610 16
424 434 5728
43 794 6656
58 794 8352
63 794 2080
417 435 8336
43 795 10944
58 795 12480
771 147 32
43 796 11840
58 796 10032
63 796 1584
43 797 7040
58 797 6896
43 798 7296
58 798 8464
63 798 368
433 422 352
158 21 1440
58 799 10784
43 799 6816
63 799 3424
58 153 8288
43 153 2800
794 274 32
43 800 6336
58 800 7888
63 800 3312
655 7 12496
419 435 64
43 801 9120
63 801 3216
58 801 8864
151 800 80
73 267 32
43 802 8016
58 802 12080
63 802 64
58 803 8816
63 803 576
43 803 8976
150 153 18160
43 804 9872
58 804 8336
63 804 1072
244 455 128
43 805 5616
58 805 5248
73 96 19504
63 805 1152
760 377 96
63 797 1968
58 806 10064
43 806 7472
342 408 16
58 147 4368
417 799 2128
147 235 80
88 155 320
63 806 960
158 732 32
63 807 2288
43 807 9456
58 807 9232
800 805 16
70 417 128
148 281 192
43 808 11600
58 808 5072
1 452 16
58 809 11104
63 809 1552
43 809 9776
63 743 192
43 810 8704
58 810 5568
63 810 816
287 472 16
63 808 1520
760 756 32
67 800 3568
67 782 80
800 610 128
63 811 2288
58 811 13856
43 811 6912
635 772 128
537 358 2128
58 812 10464
43 812 9664
434 809 80
43 813 7504
58 813 14000
63 813 2176
452 813 336
43 814 8592
58 814 9264
813 472 16
158 808 22816
63 815 1600
58 815 10352
43 815 5520
43 816 6352
58 816 9184
752 814 2592
63 816 2304
43 817 7728
58 817 7872
43 818 10448
58 818 12256
462 236 4768
63 615 192
760 610 32
156 236 48
58 819 8448
43 819 5808
63 819 1712
43 820 7680
63 820 704
58 820 7952
306 472 1808
43 821 5408
58 821 3920
752 820 304
155 267 32
43 822 10928
58 822 15968
429 820 464
99 732 112
43 823 10864
58 823 12016
73 793 944
43 824 10608
58 824 12720
63 824 2448
759 435 58192
63 737 1312
99 164 1456
778 39 240
43 825 9824
58 825 7504
63 825 720
421 43 64
43 826 7936
58 826 8304
57 450 36688
29 450 153308
806 450 37296
62 39 64
43 827 9376
58 827 7488
780 822 48
490 616 1136
63 827 928
63 96 2416
417 188 160
417 351 672
155 804 1056
63 826 464
43 828 3936
58 828 5152
58 829 6608
43 829 7312
63 829 1872
594 448 160
152 169 752
67 574 912
43 830 4432
58 830 8112
63 830 688
43 831 7424
58 831 8784
63 831 1216
63 822 1088
421 450 2592
67 749 1440
43 832 8144
58 832 8688
63 832 1056
43 833 8064
58 833 7456
481 450 7088
43 834 10592
58 834 11728
425 281 1872
43 835 5600
58 835 9552
421 345 112
821 804 96
417 834 1808
804 732 32
63 835 80
836 835 4608
45 835 60656
58 836 7824
43 836 10080
63 836 608
361 297 68048
610 778 1472
5 778 288
43 837 9984
58 837 10480
63 837 720
58 838 11264
43 838 9024
105 405 256
43 839 6592
58 839 8496
63 838 768
43 840 6800
63 840 3184
58 840 11584
689 684 384
43 841 10016
58 841 10816
63 841 3056
417 659 16
153 648 448
58 842 14016
43 842 10720
63 842 763
821 842 25
116 842 25
281 842 25
814 842 25
283 842 25
170 842 25
43 538 64
434 842 25
274 842 25
281 44 320
43 843 6848
58 843 7824
63 843 1088
43 844 11680
58 844 13488
43 845 8233
58 845 11840
63 845 2072
67 845 25
814 845 50
467 845 25
283 845 25
223 845 25
791 845 25
689 845 25
313 845 25
836 845 25
738 845 25
793 832 64
610 43 2400
491 844 336
684 845 25
472 842 25
610 842 25
162 842 25
636 429 112
58 846 6144
63 846 1008
43 846 5248
43 847 7696
63 847 1136
58 847 7968
171 827 560
58 848 3504
43 848 3280
830 171 1728
4 848 6848
43 849 6448
58 849 6720
63 849 1008
7 450 624
97 283 80
58 850 11088
43 850 10144
63 850 3952
821 838 240
63 851 5376
58 851 11648
43 851 6768
847 778 48
847 836 13552
58 852 9648
43 852 8384
63 852 960
226 851 304
704 17 1184
43 853 10864
58 853 10992
472 845 75
742 845 25
63 853 4640
170 845 75
639 845 25
773 845 50
844 845 50
467 842 25
58 854 8160
43 854 7184
63 854 3152
833 845 50
58 855 9632
43 855 8688
63 855 544
58 856 4176
43 856 4848
63 856 3616
223 856 192
43 857 4832
63 857 2448
58 857 4640
58 858 11040
43 858 9744
63 858 2544
275 346 288
43 23 1008
58 23 2000
43 859 5168
58 859 7600
63 859 4944
293 162 1184
845 860 2208
61 834 928
43 860 5552
58 860 5344
63 860 3360
43 861 10000
63 861 3632
58 861 10400
165 850 15408
63 561 672
63 862 4464
58 862 5280
43 862 6256
43 863 8224
63 863 1904
58 863 10480
63 670 832
165 863 3440
58 864 7824
63 864 2032
43 864 5056
659 861 192
43 865 9200
63 865 4304
58 865 7712
223 562 1232
223 863 304
293 865 16
43 866 7856
58 866 5280
63 866 256
452 854 64
43 59 1984
170 575 272
63 867 2464
58 867 8048
43 867 8624
43 868 9936
58 868 13520
359 472 896
63 868 880
43 869 7744
58 869 7728
63 739 512
793 863 3072
63 869 688
63 609 880
43 870 10240
58 870 8224
63 870 3968
63 844 944
778 258 384
429 660 16
43 871 7824
58 871 6960
63 871 2160
791 823 112
43 872 6912
58 872 6320
63 872 2928
43 873 11312
58 873 9472
63 873 5760
828 860 848
159 267 1984
52 471 592
43 874 5440
58 874 6048
63 13 64
43 13 1408
58 13 1536
771 471 32
52 771 6816
63 874 3504
58 875 6816
63 875 1360
43 875 8624
223 717 64
63 146 432
142 146 1376
141 146 1200
63 876 1760
43 876 7568
58 876 8720
52 354 656
778 354 96
43 877 7424
58 877 11104
63 877 4336
668 354 38816
43 878 9833
58 878 7504
63 878 3704
421 875 320
359 878 25
57 878 25
863 878 25
63 879 3440
43 879 4912
58 879 8496
472 878 25
83 878 25
873 878 25
330 878 25
717 878 25
63 621 512
281 878 25
354 878 25
10 878 25
143 878 25
165 878 25
9 878 25
67 878 50
168 878 25
791 878 25
30 354 208
851 472 1648
160 879 16
43 880 6096
63 880 2944
58 880 7760
786 878 50
874 878 50
58 881 8640
43 881 7984
63 881 912
780 281 352
452 878 75
158 878 50
865 878 50
43 882 10432
58 882 6960
63 882 928
43 883 8640
63 883 672
58 883 8480
43 884 7776
58 884 8160
63 884 2016
717 223 560
424 497 11008
63 368 2256
43 885 7408
58 885 6544
63 885 1024
94 0 224
244 0 32
43 886 1536
58 886 3440
873 309 576
67 885 3536
471 854 320
43 887 12784
58 887 12928
63 887 1360
586 545 16
43 888 9232
58 888 7968
63 888 4272
732 850 32
38 878 25
222 878 25
144 878 50
63 654 384
283 878 50
43 889 6048
58 889 5616
63 889 2800
58 890 10928
63 890 1984
43 890 9008
63 834 768
58 891 9008
43 891 13616
537 878 25
11 878 50
63 891 1376
421 151 6128
58 892 9904
63 892 3168
43 892 8112
57 845 25
58 893 8128
43 893 7440
63 893 1568
43 4 2048
58 4 960
610 429 192
43 894 8496
58 894 8368
63 634 96
223 878 75
150 878 50
29 878 75
258 878 50
63 894 1440
63 895 2672
58 895 12128
43 895 6896
887 422 16
740 595 32
786 874 80
58 896 6448
43 896 5440
63 896 3184
43 897 8368
58 897 6672
63 897 2288
417 275 128
58 898 8768
43 898 10736
63 898 3200
43 899 10528
58 899 6000
63 899 1440
43 900 5344
58 900 2320
63 900 368
43 901 9264
58 901 9040
63 901 4208
58 902 7904
43 902 6560
63 902 3696
43 903 13632
58 903 9872
63 903 4256
43 904 9024
58 904 6608
63 904 832
28 905 1200
43 905 4736
63 905 5296
58 905 7728
666 814 256
165 68 512
58 906 8240
63 906 1792
43 906 7360
63 907 1840
43 907 3408
58 907 5488
63 753 592
63 908 3856
58 908 7232
43 908 7520
58 909 8576
63 909 2464
43 909 9376
872 429 64
43 910 8736
58 910 5632
63 910 1168
43 911 6192
58 911 7104
63 911 1488
281 297 480
43 912 8496
58 912 10832
63 912 560
43 913 8320
58 913 7632
63 913 3232
43 914 8144
63 914 7008
58 914 10096
63 552 448
43 915 5296
58 915 6976
63 915 3504
43 916 5808
58 916 5808
63 916 1360
429 897 32
292 429 48
58 917 5168
43 917 5472
897 909 6384
63 340 512
58 918 8064
43 918 5008
63 918 2416
63 919 1856
43 919 10240
58 919 8272
43 920 7648
58 920 9440
63 920 6064
267 917 192
43 921 7296
63 921 2304
58 921 8544
836 446 368
914 267 384
63 260 2960
43 922 7120
58 922 6784
63 922 3328
43 923 5696
58 923 6432
63 923 3648
922 359 2000
43 924 9360
63 924 2384
58 924 8464
471 166 256
836 924 1616
43 925 7776
58 925 11216
63 925 976
58 926 8528
43 926 9216
63 926 2224
852 165 16
43 927 5488
58 927 7136
273 878 25
568 878 25
922 878 25
63 927 1664
58 928 9264
43 928 6608
167 927 800
817 895 1744
446 213 384
63 147 624
142 147 848
141 147 1536
58 929 9872
43 929 10128
63 929 1072
568 887 192
906 274 32
63 930 2896
43 930 5936
58 930 6416
906 908 176
58 931 10320
43 931 10656
63 931 3184
451 281 32
931 281 16
63 928 64
63 932 1168
43 932 7248
58 932 7840
928 717 36048
63 702 1088
43 933 6816
58 933 7664
63 933 2768
435 148 32
256 933 16912
771 933 32
43 934 8800
58 934 10272
933 924 208
63 934 2640
624 878 50
582 878 25
63 935 3392
58 935 6352
43 935 6400
925 267 3248
58 936 10080
43 936 6112
924 349 128
63 936 624
43 29 1472
58 29 1536
63 139 144
43 937 6016
58 937 4528
63 937 1776
43 938 7296
58 938 12352
878 472 9536
63 938 1408
105 939 784
157 939 15280
43 939 9760
58 939 10336
63 939 3024
886 938 368
756 281 80
63 940 4720
43 940 9984
58 940 14096
58 941 6128
43 941 6432
63 941 1952
906 102 16
30 941 256
43 942 7248
63 942 1904
58 942 7072
165 521 96
834 942 240
188 156 800
165 924 288
43 943 10576
58 943 9328
63 943 3072
63 944 2272
43 944 10880
58 944 8720
105 944 416
421 944 368
43 945 6592
58 945 8368
424 901 464
63 945 2864
58 946 9216
43 946 9936
63 946 2352
924 151 208
417 267 448
43 947 5216
63 947 2272
58 947 4576
43 948 8432
63 948 4080
58 948 8752
58 949 7200
43 949 5296
63 949 1328
67 942 5312
105 949 208
43 950 4544
58 950 6736
63 950 2896
43 951 5824
58 951 6880
63 951 3536
63 181 256
43 952 8304
58 952 7984
63 952 4016
91 187 80
67 536 352
43 953 10848
58 953 10832
63 953 2576
43 954 5968
58 954 6096
63 954 2064
92 429 6256
30 429 80
58 955 10736
43 955 9696
906 4 32
63 955 608
462 55 112
58 956 8480
43 956 8272
63 956 912
43 957 9600
58 957 8496
63 957 7568
63 593 800
622 359 5072
427 163 1408
43 958 7744
58 958 8624
63 958 1424
622 450 368
142 144 1968
435 434 2688
0 450 80
417 878 50
63 959 2560
43 959 4672
58 959 7840
43 16 1024
58 16 960
894 281 16
906 959 64
58 960 5072
63 960 2160
43 960 5136
43 961 5984
58 961 9360
780 954 16
611 928 784
63 961 2256
220 912 384
961 40 2592
58 962 8704
43 962 8064
812 281 112
63 962 1904
37 281 64
43 42 1056
58 42 1952
223 272 80
55 358 64
870 281 288
63 44 320
58 963 11872
43 963 7744
63 963 4448
765 44 80
160 765 6816
167 430 32
414 44 48
58 964 8672
43 964 9136
63 964 1616
281 868 32
43 965 8224
58 965 8048
63 965 1888
58 966 7440
43 966 5504
63 966 1152
450 354 768
43 967 5568
58 967 9600
63 967 624
752 414 2032
58 968 8512
43 968 6672
63 968 256
43 38 112
58 38 80
58 969 14336
43 969 12672
153 969 2192
43 970 7536
58 970 8080
906 878 300
63 970 1264
58 971 3360
43 971 6784
63 971 1808
43 972 7680
58 972 4064
63 972 1600
63 221 784
144 148 4272
43 973 5456
58 973 5008
63 973 1840
220 221 528
108 119 1824
220 414 224
58 974 9680
43 974 7152
63 974 3152
223 409 1728
63 975 896
43 975 5376
58 975 7296
221 738 272
30 223 32
58 976 7920
43 976 6576
421 969 4896
221 148 256
63 976 576
43 977 7120
58 977 7632
63 977 1488
265 281 368
43 978 6432
58 978 11216
906 976 48
63 978 1360
43 979 8160
63 979 1424
58 979 7152
16 258 1648
63 980 4880
58 980 7584
43 980 9088
221 349 1376
223 349 544
220 349 512
537 979 96
43 981 12640
58 981 9536
63 981 4624
970 981 32
63 982 4288
43 982 7680
58 982 7072
43 983 3456
58 983 7264
63 983 1392
281 472 704
5 878 25
58 984 8224
63 984 1904
43 984 11472
429 977 16
43 985 8288
58 985 10784
63 985 1408
66 3 212625
58 986 11488
43 986 9184
63 986 736
58 987 4432
43 987 2864
63 987 1728
43 988 4880
58 988 4800
63 988 1696
851 281 464
974 988 240
58 989 4576
43 989 5632
63 989 864
429 900 2080
933 170 352
988 861 928
58 990 6656
43 990 8192
63 990 2128
928 509 480
928 359 1616
43 991 5616
58 991 5520
63 991 2560
912 571 208
420 164 16
861 223 208
988 985 464
168 309 32
33 992 4208
40 992 62304
571 989 64
223 732 64
43 992 3200
58 992 4832
63 992 912
378 672 128
911 164 48
987 281 16
63 601 352
170 732 288
990 281 208
67 895 1184
153 895 112
63 715 320
43 993 5472
58 993 5744
63 993 3344
415 281 192
912 453 16
912 732 16
461 16 2416
58 994 5328
43 994 3200
63 994 496
43 995 8112
58 995 6944
63 995 2448
760 158 112
786 994 2320
163 3 656
994 832 32
182 995 128
870 871 208
43 996 1968
58 996 1776
732 989 64
63 996 432
319 878 25
43 998 4784
58 998 4240
928 167 1184
83 280 160
15 1 153136
998 1 265696
999 1 25675
996 147 288
63 999 1536
58 999 2336
173 182 48
784 999 272
43 999 2144
766 309 176
244 309 256
43 1000 2832
63 1000 640
58 1000 2784
169 878 150
170 878 50
488 372 864
810 281 560
752 1000 752
5 1000 26399
43 1001 5040
63 1001 2304
58 1001 4688
160 165 112
159 169 592
928 159 16
164 996 320
165 969 16
43 1002 960
63 1002 1328
729 429 160
58 1002 1744
424 635 1152
421 993 5200
635 1002 3152
1001 281 336
417 637 1456
58 1003 1792
1 9 5376
601 9 20208
614 9 9952
43 1003 1104
63 1003 1008
582 144 1120
283 160 352
43 997 1008
58 997 2464
267 1001 224
999 345 1072
354 160 912
635 983 4768
43 1004 5200
58 1004 6928
63 1004 1440
220 170 592
461 1003 1296
924 3 48
429 82 16
58 1005 7152
63 1005 2176
43 1005 5712
352 55 2704
635 993 16
0 827 656
165 1 416
870 443 864
150 1002 2496
58 1006 7728
43 1006 6192
659 281 976
63 1006 2288
67 1006 80
267 635 32
520 429 176
827 980 1184
969 991 2240
155 0 2448
159 1 816
169 159 16
281 438 5696
281 148 800
429 265 32
1007 20 64701297
172 1 176
170 281 192
43 1007 3776
43 1008 2672
58 1008 4320
63 1008 880
635 1007 144
752 987 544
1008 349 448
727 983 400
43 1009 3600
58 1009 4240
2 666 25392
63 1009 1904
3 1009 9008
63 1010 1856
58 1010 3792
43 1010 3920
43 1011 576
58 1011 1584
924 1012 6304
21 1012 2208
1008 1013 960
42 1014 131968
1010 1014 672
924 1013 864
58 1007 1920
924 1015 256
169 1012 996
1010 1016 624
924 1016 4080
1017 1015 688
1015 1017 16
924 1017 34480
58 1018 2256
43 1018 752
1011 1010 50000
1019 1018 336
1015 1018 112
1016 1018 20992
924 1018 1216
1016 1015 1328
1018 1019 864
1015 1019 496
1018 1017 12288
924 1019 272
43 1020 448
67 1020 5232
63 1020 1520
1015 1020 16704
58 1020 976
63 503 512
924 1021 1024
1015 1021 9152
1020 1021 304
1018 1020 20976
43 1022 80
58 1022 1520
58 1023 1600
43 1023 1408
924 1020 2016
1018 149 24032
1015 1022 880
1020 1017 1216
1015 1024 1696
1018 1024 76672
1016 1023 102320
1017 1023 15856
5 1021 1792
1017 1021 6256
1024 1026 2480
1021 1022 4110
0 1025 5568
1017 1024 12160
1026 1013 1216
1024 1027 3424
58 1027 1856
43 1027 1152
1022 1026 8512
1019 1021 240
1015 1027 32
0 1019 368
1023 1022 704
1015 1025 1136
1024 1025 219854
1023 1027 11248
1022 1024 28304
1010 1029 224
1025 1027 576
1022 1021 7248
1028 1021 16
1028 1030 16
1027 1030 512
1022 1028 400
1015 1023 1856
1022 1023 2448
1022 1025 31504
1015 1030 9632
1029 1024 384
1027 1026 30674
1027 1023 51896
1030 1028 2208
1004 450 2473971
1027 1032 99680
1026 1030 2896
450 1027 496
1022 1027 1712
450 1030 352
1024 1030 8592
1015 1026 1472
1022 1029 48
1015 1032 9664
1015 1033 102784
1030 1031 3936
1027 1033 153784
1004 1034 640
1032 1033 555744
43 1035 2656
58 1035 3824
1029 1027 32
110 1020 112
1015 167 416
1022 167 32
1024 167 2432
1024 1037 16
1016 1037 256
58 1037 4464
43 1037 3968
763 168 80
1030 1032 528
537 1 16096
1031 1030 6464
43 1028 1696
58 1028 1296
43 1038 1488
63 1038 32
58 1038 1824
63 1039 624
58 1039 5568
43 1039 2736
1032 1038 21168
1029 1014 32
1030 1029 1264
1031 1029 6368
1034 1029 1008
1027 1034 63520
1037 1039 560
1027 1039 1440
1034 1030 224
1024 281 7056
811 1037 256
1011 1015 2256
1029 1026 6256
1031 1039 36896
1027 429 1664
1027 1028 46352
983 1036 736
1026 1024 336
21 1039 672
1029 1039 1376
1033 1039 48
1018 1039 544
1008 1011 2144
1027 1024 22016
1028 1024 10592
983 1033 1216
169 1041 32
1028 1033 28816
1035 1015 1792
1020 1039 80
1024 1040 75536
1039 1040 368
1021 1041 147296
1040 1028 3632
58 1041 1328
43 1041 1696
169 912 32
1009 1035 96
1028 1038 17808
1029 1032 3600
110 1034 1120
359 1041 16
1033 1036 1920
1036 993 128
1041 1036 432
1022 865 944
434 1039 96
435 836 272
1036 836 6448
861 1006 17920
43 1043 3232
58 1043 5472
1005 1033 28656
1043 1039 1088
1004 1039 544
1004 1030 3296
1041 281 1616
379 144 32
275 281 368
636 1039 16
1026 1039 336
435 1026 2992
1009 1028 32
766 429 48
43 1045 2112
58 1045 2384
63 1045 240
67 1045 32
1025 1045 336
814 1042 96
63 1007 1216
58 1046 1536
1028 912 9984
1008 1044 1040
912 1041 144
1028 1041 8288
1044 1041 4144
55 1044 96
1034 1041 544
1039 1007 2672
1043 1009 624
1030 1036 1120
1031 1044 368
1016 1027 1296
58 1047 3168
43 1047 2368
1042 874 672
57 1041 15584
1040 1031 3808
983 1027 1392
1036 1046 21008
1044 1046 512
1040 1046 8240
1028 57 149312
1047 1040 128
1030 1044 912
1038 1041 1392
1028 878 25
1040 878 75
1025 878 25
1015 878 50
1045 878 25
1047 878 25
359 983 240
58 1048 2672
43 1048 3024
63 1048 320
1029 532 1232
1033 1015 144
1009 1010 192
1031 1048 27304
42 1049 93000
1033 1027 22656
429 167 64
1041 993 1776
1049 1022 3952
43 1050 1072
58 1050 2960
1022 1049 16
1036 1050 86384
1048 167 1616
1016 993 624
63 1051 1088
1044 1049 45376
43 1051 2768
58 1051 4560
1050 1028 3472
445 1047 752
1031 1028 2592
1043 1031 46800
1009 1008 6144
110 961 48
1051 1034 14240
1046 1034 81936
110 1042 112
1024 1042 1632
1024 961 144
43 1052 2496
58 1052 3520
1029 1048 1712
1050 1033 4304
58 158 1248
1011 1041 1696
1046 1008 16
1008 519 1648
1033 1053 64
1043 281 960
1053 1012 48
58 1054 464
43 1054 400
63 1054 160
1016 150 32
1011 1054 8416
1033 1016 304
666 1011 672
154 345 16
1053 1041 368
1054 1055 320
1025 1020 176
421 1044 576
43 1044 896
58 1044 1040
1041 1055 32
168 1039 2016
1004 878 50
144 146 15079
1054 1050 43728
85 878 25
810 345 112
63 1037 832
58 1056 2400
43 1056 2816
63 1056 800
1055 1037 16
1037 1056 16
1046 978 128
43 1057 5024
58 1057 4192
63 1057 1296
1016 1042 512
987 429 32
7 1001 77952
1011 1037 16
1016 1 320
434 1057 1360
657 1001 5520
1023 1057 112288
1010 1028 336
43 1058 1760
58 1058 1248
1021 1058 14912
1001 167 848
1053 888 496
58 1059 2560
63 1059 1712
43 1059 1328
1059 1013 416
1042 1037 2352
1046 1037 1216
63 527 2944
1033 1054 3344
43 1060 1520
43 1042 1392
58 1042 1616
1058 936 144
463 6 224
58 1060 1872
63 1060 2464
421 1060 96
55 1060 304
7 1053 9504
1045 999 16
1061 878 50
55 1061 176
58 1061 1952
43 1061 1056
1060 167 176
1033 1062 640
43 1062 1552
58 1062 1488
969 827 16
1040 1060 2512
743 988 976
63 1062 1184
1050 1060 48
4 1062 672
1013 1056 16
63 371 1440
1053 983 272
2 429 400
1013 1062 25936
1060 1062 18896
63 1063 320
58 1063 224
43 1063 176
1062 878 25
1034 878 25
1062 1023 272
1054 1053 1408
1010 878 25
1008 1063 16976
1023 52 8160
121 1064 -4896
1064 121 -16
770 1064 -4896
1064 770 -16
277 1064 -4896
1064 277 -16
67 1064 -4896
1064 67 -16
8 1064 -4896
1064 8 -16
581 1064 -4896
1064 581 -16
895 1064 -4896
1064 895 -16
344 1064 -4896
1064 344 -16
57 1064 -4896
1064 57 -16
613 1064 -4896
1064 613 -16
1065 1064 4896
1064 1065 16
1066 1064 4896
1064 1066 16
1067 1064 4896
1064 1067 16
1068 1064 4896
1064 1068 16
1069 1064 4896
1064 1069 16
1070 1064 4896
1064 1070 16
1071 1064 4896
1064 1071 16
1072 1064 4896
1064 1072 16
1073 1064 4896
1064 1073 16
1074 1064 4896
1064 1074 16
