-- min:1 max:20 med:3 sybil:1064
2 3 1
4 3 3
5 3 1
6 1 2
6 4 1
5 7 1
9 8 2
9 4 2
10 4 6
4 11 1
1 11 1
4 5 2
11 5 1
12 11 1
14 13 7
10 2 1
4 15 1
11 7 1
11 16 1
0 16 2
16 11 2
0 2 1
16 2 1
1 2 1
17 2 5
11 17 1
10 16 2
2 16 1
17 16 2
18 16 1
5 18 1
18 1 3
19 1 4
11 19 1
19 16 1
21 11 2
22 11 6
23 11 1
23 21 2
24 23 5
25 16 4
25 5 1
26 17 5
27 26 2
11 27 1
27 6 1
0 27 1
2 27 1
28 27 1
7 28 1
0 11 1
26 29 1
29 5 2
24 5 1
13 20 1
30 20 2
15 6 1
30 22 2
31 22 6
30 13 1
31 13 1
32 13 1
7 32 1
33 32 2
1 3 1
36 11 1
10 37 1
0 37 2
1 37 1
2 37 1
17 37 1
5 2 1
21 7 1
7 38 1
38 0 4
39 0 2
24 39 1
39 37 1
10 25 1
39 15 1
40 6 1
5 6 2
1 5 1
40 7 1
41 11 3
40 41 1
1 38 1
38 1 1
7 42 1
42 2 1
5 38 2
38 42 1
43 8 1
43 20 1
5 16 1
5 43 1
21 44 1
44 17 1
41 45 1
10 45 1
4 45 1
0 45 1
9 45 1
44 38 1
46 28 1
46 6 2
45 6 1
47 20 1
2 47 1
2 48 1
46 20 1
48 16 1
49 48 10
48 8 1
46 38 1
40 48 1
27 50 1
29 50 1
50 15 1
50 11 1
51 11 1
16 7 1
9 21 1
1 7 1
51 30 1
42 51 1
37 1 1
1 45 1
40 52 1
42 52 1
52 11 1
53 11 1
52 7 1
1 16 1
27 7 1
53 41 1
29 53 1
30 53 1
54 53 1
54 2 1
28 54 1
30 23 1
52 5 1
55 5 1
7 55 1
52 38 1
5 55 2
52 55 1
30 52 1
53 32 1
17 55 1
56 20 1
53 56 1
9 56 1
7 56 1
51 56 1
0 56 1
10 56 1
32 23 1
30 6 1
38 6 1
57 11 1
53 57 1
0 53 1
58 57 2
58 5 1
58 15 4
58 0 5
58 53 2
9 0 1
59 9 1
11 15 1
59 11 1
59 1 1
55 6 1
52 37 1
39 6 1
1 6 1
42 57 1
61 52 1
58 61 5
43 61 5
61 43 1
43 58 3
61 58 1
60 61 1
62 43 2
62 58 2
58 62 9
43 62 6
43 0 4
2 62 1
58 59 4
43 64 8
58 64 8
64 58 4
43 9 2
58 9 2
64 43 4
65 58 2
65 43 2
58 65 14
43 65 13
43 66 14
58 66 14
63 43 1
59 43 2
66 58 2
58 43 5
66 43 1
43 67 10
58 67 9
67 43 2
67 58 2
58 54 3
64 54 1
43 54 2
63 67 1
58 51 3
43 51 4
58 68 15
43 68 11
63 68 2
43 69 17
58 69 16
63 69 1
43 70 15
58 70 14
43 71 14
58 71 13
63 71 1
58 72 16
43 72 16
63 70 2
43 73 8
58 73 8
43 74 12
58 74 11
43 75 14
58 75 15
63 75 1
43 76 13
58 76 13
58 77 15
43 77 14
43 78 8
58 78 8
58 79 13
43 79 11
77 79 3
63 79 2
58 80 13
43 80 16
63 80 5
58 81 7
43 81 13
63 81 4
58 82 11
43 82 15
63 82 5
43 83 14
63 83 3
58 83 12
43 84 12
58 84 8
63 84 7
43 85 6
58 85 5
81 84 1
79 61 1
43 86 16
63 86 3
58 86 12
84 81 1
63 87 1
43 87 18
58 87 11
81 85 2
63 85 4
81 87 1
58 88 11
43 88 10
43 89 12
58 89 12
63 89 3
58 90 8
43 90 8
43 91 16
58 91 16
63 91 2
73 87 1
43 92 14
58 92 14
43 93 18
58 93 15
58 94 16
43 94 15
43 95 9
58 95 11
63 95 4
58 96 14
43 96 13
43 97 9
63 97 1
58 97 9
58 98 9
43 98 10
63 98 2
63 99 1
43 99 11
58 99 13
81 96 2
58 100 10
43 100 11
81 100 1
63 100 1
58 101 10
43 101 6
58 102 10
63 102 2
43 102 9
43 103 12
58 103 9
63 103 2
63 104 7
58 104 12
43 104 14
63 105 6
43 105 13
58 105 7
43 106 15
58 106 18
63 93 2
76 75 1
63 106 1
58 107 15
43 107 7
58 108 13
43 108 12
58 109 7
43 109 9
63 109 2
108 89 1
58 110 15
43 110 12
63 110 2
108 103 1
96 101 1
58 111 15
43 111 14
81 101 1
63 111 1
58 112 15
43 112 16
63 112 1
58 113 17
43 113 13
43 114 17
58 114 14
58 115 15
43 115 11
63 115 3
43 116 13
63 116 5
58 116 10
43 117 16
58 117 13
43 118 17
58 118 13
58 119 12
43 119 12
103 112 1
63 119 1
58 120 14
43 120 16
58 121 18
43 121 19
103 120 1
58 122 14
43 122 15
43 123 13
58 123 9
43 124 16
58 124 10
63 124 2
58 125 12
43 125 13
63 126 5
43 126 13
58 126 13
103 110 1
43 127 17
63 127 3
117 104 1
63 118 7
58 127 12
43 128 10
58 128 16
63 128 1
58 129 14
43 129 11
63 129 5
43 130 13
58 130 13
63 130 6
43 131 14
58 131 9
63 131 8
43 132 17
58 132 15
63 132 1
58 133 12
43 133 9
43 134 9
58 134 13
43 135 10
58 135 9
43 136 11
58 136 11
43 137 4
58 137 9
43 138 10
58 138 6
58 139 9
43 139 9
103 117 1
140 139 1
58 140 7
43 140 7
113 140 1
43 141 5
58 141 10
58 142 5
43 142 4
58 143 8
43 143 5
138 140 1
141 144 3
119 118 1
43 144 1
58 144 1
43 145 7
58 145 9
67 144 1
58 146 3
108 146 1
101 142 1
144 147 1
103 143 1
73 78 1
147 144 1
128 148 1
138 147 1
108 126 1
30 149 1
87 150 1
131 83 1
128 83 1
113 83 1
149 151 1
122 137 1
148 83 1
150 151 1
43 146 3
43 149 2
58 149 1
65 147 1
109 150 1
152 150 1
152 157 1
69 156 1
155 145 1
108 112 1
155 157 1
134 138 1
152 154 1
159 39 1
158 159 1
142 160 1
92 146 1
144 149 1
160 161 2
63 160 1
156 159 1
158 39 1
157 160 1
154 161 1
163 161 1
147 165 2
163 164 1
154 147 1
142 166 3
162 166 1
141 166 2
159 154 2
142 156 1
113 123 1
148 159 1
152 155 1
165 159 1
152 161 1
160 167 2
164 167 1
157 3 1
152 168 2
157 162 1
164 168 1
165 168 2
165 58 1
63 122 1
158 154 1
163 154 1
161 149 1
10 166 1
147 157 1
171 170 1
152 170 3
164 165 2
168 170 1
164 170 1
154 163 1
152 165 1
149 171 2
168 155 1
63 117 3
147 168 3
169 56 1
73 163 1
43 173 5
58 173 6
161 172 1
43 174 8
58 174 6
171 163 1
43 175 7
58 175 8
73 170 1
43 176 4
58 176 5
173 58 1
58 177 9
43 177 10
149 172 1
43 178 9
58 178 9
43 179 5
58 179 5
173 43 2
58 180 4
154 162 2
43 180 4
43 181 16
58 181 8
142 173 1
43 182 11
58 182 6
58 183 10
43 183 13
105 181 1
43 184 11
58 184 6
43 185 14
58 185 6
58 186 9
43 186 13
43 187 11
58 187 7
161 169 1
147 187 1
43 188 10
58 188 8
43 189 7
58 189 7
43 190 13
58 190 7
58 191 10
43 191 13
43 192 16
58 192 11
43 193 12
58 193 10
43 194 12
58 194 9
147 194 1
63 194 1
43 195 12
58 195 8
43 196 13
58 196 7
152 16 1
43 197 11
58 197 8
43 198 10
58 198 7
178 149 1
43 199 14
58 199 6
58 200 10
43 200 11
43 201 16
58 201 12
63 201 1
43 202 14
58 202 8
43 203 17
58 203 11
43 204 12
58 204 7
58 205 5
43 205 9
43 206 13
58 206 8
174 201 1
163 201 1
164 166 1
63 206 1
105 169 1
43 207 14
58 207 9
58 208 6
43 208 11
43 209 9
58 209 8
147 166 1
43 210 13
58 210 7
43 211 8
58 211 6
152 167 1
43 212 8
58 212 6
63 212 1
43 213 14
58 213 10
43 214 10
58 214 5
63 214 1
43 215 15
58 215 8
63 190 2
43 216 11
58 216 8
160 212 1
43 217 14
58 217 9
151 182 1
43 218 6
58 218 4
58 219 9
174 163 1
43 219 13
43 221 12
58 221 8
58 222 7
43 222 8
147 105 1
43 223 9
58 223 8
164 154 1
43 224 14
58 224 10
142 153 2
43 225 12
58 225 9
201 182 1
43 226 11
58 226 6
43 227 12
58 227 9
212 168 1
170 154 1
171 55 1
58 228 7
189 170 1
43 228 11
63 228 1
58 229 8
43 229 13
63 222 1
43 230 11
58 230 10
63 230 3
58 231 9
43 231 12
149 170 1
161 166 1
63 231 1
43 232 13
58 232 11
58 233 9
43 233 13
166 226 1
225 226 1
43 234 10
58 234 7
43 235 10
58 235 8
43 236 9
58 236 5
43 237 11
58 237 9
149 194 1
43 238 10
58 238 10
170 147 1
189 147 1
199 191 1
173 228 1
43 239 12
58 239 8
147 154 1
187 239 1
43 240 11
58 240 11
152 225 1
232 225 1
43 241 6
58 241 8
234 231 1
154 165 1
43 242 12
58 242 11
152 241 2
187 242 1
43 243 3
43 244 13
58 244 8
43 245 13
58 245 11
43 246 13
58 246 7
43 247 13
58 247 10
226 230 1
43 248 16
170 105 1
154 105 1
58 248 8
57 83 1
43 249 14
58 249 10
63 249 1
43 250 16
58 250 11
58 251 9
43 251 13
58 252 4
43 252 3
43 253 14
58 253 11
221 217 1
244 153 1
43 254 17
58 254 10
154 194 1
170 194 1
43 255 11
58 255 6
63 246 1
154 250 1
43 256 9
58 256 5
58 257 11
43 257 13
63 257 1
43 258 13
58 258 9
43 220 5
58 220 3
43 259 12
173 178 1
58 259 8
155 166 1
43 260 16
58 260 9
43 261 11
58 261 11
170 182 1
58 262 7
43 262 9
159 171 1
63 262 1
43 263 10
58 263 9
63 263 2
58 264 5
43 264 10
63 264 1
58 265 7
63 265 2
43 265 12
43 266 11
58 266 4
237 168 1
187 168 1
63 266 1
43 267 8
58 267 7
63 267 1
43 268 10
58 268 7
58 269 6
43 269 11
147 53 1
154 53 1
269 267 3
14 267 1
58 270 9
63 270 1
43 270 9
43 271 14
58 271 11
43 272 14
58 272 13
63 233 1
43 273 12
58 273 8
43 274 15
58 274 7
43 275 14
58 275 9
205 233 1
63 275 1
43 276 9
58 276 8
63 276 1
43 277 13
58 277 9
161 197 1
43 278 13
58 278 8
87 130 1
154 158 1
171 158 1
43 279 17
58 279 10
58 280 9
43 280 16
221 275 1
167 275 1
43 281 6
58 281 4
63 268 1
43 282 10
58 282 9
170 205 1
43 283 16
58 283 11
170 53 1
58 284 8
43 284 16
205 229 1
58 285 8
43 285 9
152 230 1
242 230 1
63 285 1
43 286 10
58 286 6
63 286 1
43 287 11
58 287 9
161 275 1
43 288 12
58 288 7
239 275 1
63 288 2
43 289 10
58 289 8
43 290 16
58 290 11
126 160 1
164 287 1
43 291 13
58 291 8
43 292 13
58 292 9
43 293 13
58 293 11
293 279 1
151 171 1
43 294 12
58 294 9
43 295 19
58 295 10
43 296 14
58 296 9
162 290 1
63 248 1
63 289 2
43 297 13
58 297 11
275 165 1
43 298 14
58 298 7
43 299 8
58 299 6
72 73 1
67 292 1
43 300 8
58 300 8
166 292 1
163 292 1
43 301 8
58 301 7
63 301 2
43 302 11
58 302 8
154 156 1
171 156 1
171 231 1
43 303 10
63 303 1
58 303 5
43 304 14
58 304 10
293 290 1
275 290 1
126 97 1
43 305 12
58 305 10
275 292 1
39 168 1
167 168 1
43 306 14
58 306 13
58 243 4
58 307 8
43 307 11
63 307 2
270 167 1
170 236 2
43 308 6
152 308 1
308 267 3
49 267 2
31 267 1
58 308 7
43 309 13
58 309 10
63 309 1
43 310 15
58 310 11
287 157 1
290 168 1
287 168 1
43 311 10
58 311 9
63 311 1
279 293 1
58 312 10
43 312 14
63 312 2
167 166 2
58 313 7
43 313 10
63 313 2
152 110 1
256 301 1
58 314 8
43 314 11
43 315 9
58 315 12
258 230 1
58 316 11
43 316 13
221 315 1
63 316 1
58 317 8
43 317 11
63 317 1
43 318 10
58 318 7
63 318 3
152 172 1
157 191 1
290 162 1
43 319 16
58 319 14
290 319 2
314 319 1
270 160 1
43 320 10
58 320 11
150 149 1
63 320 1
43 321 13
58 321 7
58 322 8
43 322 10
58 323 8
43 323 12
63 323 1
58 324 8
43 324 9
191 5 1
63 324 1
43 325 12
58 325 10
325 275 1
43 326 11
58 326 7
290 292 1
43 327 11
58 327 12
290 256 1
43 328 8
58 328 8
173 328 1
43 52 2
58 52 1
43 329 9
58 329 12
240 312 1
43 330 9
58 330 10
58 331 9
43 331 13
233 290 1
319 290 1
43 332 12
58 332 12
43 333 14
58 333 13
58 334 12
43 334 10
157 326 1
43 335 6
58 335 5
172 226 1
43 336 8
58 336 8
63 336 2
58 337 6
43 337 6
58 338 10
43 338 14
290 331 1
63 287 1
43 339 12
58 339 8
63 339 2
43 340 12
58 340 14
316 333 1
182 333 1
161 333 1
58 341 10
43 341 13
290 297 1
63 341 1
138 297 1
43 342 9
58 342 10
63 342 1
166 298 1
43 343 11
58 343 9
152 309 1
43 344 9
58 344 10
290 323 1
326 337 2
165 333 1
63 343 1
43 345 10
58 345 10
152 345 1
186 345 1
63 345 1
43 346 12
221 327 1
5 327 2
165 336 1
163 236 1
58 346 8
63 344 1
7 244 1
58 347 10
43 347 8
43 348 13
58 348 9
43 349 10
58 349 8
110 170 1
331 205 1
58 350 12
43 350 14
58 351 10
43 351 16
157 347 1
43 352 13
58 352 9
221 331 1
61 301 1
155 308 1
58 353 12
43 353 12
316 350 1
275 284 1
58 354 14
43 354 12
63 305 1
58 355 16
43 355 10
297 275 1
43 356 9
58 356 7
290 182 1
148 182 1
185 199 1
356 107 1
67 107 1
67 342 1
356 342 1
152 186 1
43 357 8
58 357 10
43 358 12
58 358 10
43 359 10
58 359 11
58 360 11
63 360 1
43 360 11
158 188 1
58 361 7
43 361 8
63 361 1
354 361 1
338 354 1
43 362 12
58 362 8
162 354 1
157 354 1
43 363 12
58 363 11
63 293 2
43 364 12
58 364 8
292 319 1
292 311 1
221 311 1
43 365 11
58 365 8
292 168 1
63 365 2
58 366 13
43 366 13
58 367 8
43 367 12
275 288 1
58 368 10
43 368 10
58 369 8
43 369 9
67 294 1
27 368 1
43 370 10
58 370 10
58 371 10
43 371 10
172 186 1
43 372 18
58 372 14
105 363 1
231 343 1
368 217 1
182 361 1
63 357 2
360 354 1
43 373 8
58 373 7
63 373 2
58 374 8
43 374 10
63 374 1
43 375 11
58 375 14
244 226 1
43 376 11
182 161 1
58 376 11
58 377 10
43 377 8
361 338 1
186 338 1
222 358 1
350 7 1
58 378 9
43 378 6
63 378 1
290 171 1
157 171 1
367 361 1
43 379 7
58 379 9
5 276 1
58 380 11
43 380 9
43 381 12
58 381 11
244 165 1
254 276 1
58 382 8
43 382 11
173 304 1
58 383 12
43 383 11
43 384 8
58 384 7
161 347 1
182 347 1
172 236 1
10 187 1
43 385 10
58 385 12
58 386 11
43 386 12
43 387 14
58 387 11
58 388 13
43 388 9
361 325 1
58 389 8
43 389 12
63 389 1
43 390 7
58 390 6
361 168 2
185 374 1
58 391 7
43 391 13
150 144 3
388 379 1
222 389 1
43 392 9
58 392 10
354 168 1
43 393 11
58 393 11
249 333 1
58 394 11
43 394 14
63 381 1
43 395 17
58 395 11
258 169 1
43 396 15
58 396 9
165 361 1
63 396 2
58 397 10
124 139 1
151 281 1
43 397 8
43 398 12
58 398 10
58 399 9
327 383 1
43 399 9
392 275 1
157 361 1
63 322 1
43 400 11
58 400 10
63 400 1
169 325 1
58 401 9
205 234 1
43 401 9
63 401 1
58 402 8
43 402 15
166 326 1
58 403 9
43 403 11
173 302 1
356 302 1
43 404 8
58 404 8
290 339 1
221 324 1
43 405 13
58 405 11
63 405 2
279 396 1
58 406 9
43 406 12
388 384 1
87 362 1
58 407 9
43 407 9
152 381 1
58 408 10
43 408 8
161 391 1
166 391 1
58 409 11
43 409 15
379 169 1
363 267 1
43 410 11
58 410 9
277 384 1
147 407 1
63 394 1
43 411 10
58 411 8
110 319 1
401 361 1
43 412 12
58 412 10
63 412 1
361 349 1
152 352 1
43 413 9
58 413 11
63 413 3
21 311 1
58 414 9
43 414 11
151 166 1
414 384 1
43 415 13
58 415 7
361 160 2
43 416 8
58 416 11
167 258 1
417 416 1
43 417 10
58 417 8
63 417 2
251 417 1
325 417 1
382 384 1
393 384 1
173 258 1
43 418 13
58 418 15
146 418 1
43 419 13
58 419 14
378 419 2
416 417 1
63 420 2
43 420 12
58 420 13
327 420 1
351 420 1
267 160 1
369 236 1
421 236 1
331 236 1
337 236 1
386 236 1
398 236 1
43 421 9
58 421 6
160 164 2
422 164 1
43 422 14
58 422 14
417 343 1
416 343 1
105 343 1
123 343 1
43 423 7
58 423 1
423 417 2
173 389 1
58 424 7
43 424 8
422 417 1
43 425 12
58 425 10
43 426 15
58 426 12
421 58 2
43 427 10
58 427 9
236 427 1
96 427 1
384 361 1
160 361 1
428 361 1
43 428 11
58 428 9
252 354 1
43 429 6
58 429 4
161 324 1
43 430 11
58 430 8
174 236 1
343 422 1
423 422 1
430 347 2
384 417 1
43 431 14
58 431 11
101 88 1
236 88 1
43 432 8
58 432 6
417 341 1
63 432 2
58 433 5
222 164 1
367 164 1
427 164 1
105 164 1
417 164 2
367 433 1
43 433 4
432 160 1
434 417 3
288 417 1
433 417 1
419 176 1
43 434 10
58 434 8
38 434 1
43 435 14
58 435 13
63 435 2
435 392 1
43 436 8
58 436 8
361 430 1
43 437 9
58 437 8
437 417 1
123 417 1
43 438 13
58 438 12
63 424 2
417 438 1
9 140 1
438 140 1
43 439 15
58 439 12
160 168 1
417 168 1
337 168 1
63 439 1
43 440 12
58 440 16
63 440 2
58 441 9
43 441 7
222 400 1
63 428 1
166 222 1
43 442 11
58 442 6
442 430 1
43 443 13
58 443 7
58 444 6
43 444 7
384 226 1
43 445 7
58 445 8
58 7 1
417 382 1
43 446 9
58 446 10
164 123 1
417 123 1
5 330 1
222 330 1
43 447 14
58 447 13
43 448 12
58 448 12
43 449 12
58 449 12
433 214 1
393 417 1
43 450 13
58 450 11
288 164 1
417 424 4
43 451 13
58 451 11
451 450 1
361 450 1
63 451 1
58 452 10
43 452 9
151 452 1
63 452 1
43 453 15
58 453 15
378 427 3
378 344 1
43 454 12
58 454 9
63 454 1
377 236 1
382 239 1
267 239 1
43 455 11
58 455 10
43 456 14
58 456 15
63 456 1
43 457 13
58 457 7
222 198 1
43 458 13
58 458 13
63 458 2
63 459 1
43 459 11
58 459 9
422 169 1
67 422 1
43 460 12
58 460 11
290 166 1
43 461 10
58 461 10
43 53 2
63 461 1
43 462 13
58 462 13
63 462 2
43 463 16
58 463 16
58 464 11
43 464 8
426 58 1
43 465 10
58 465 7
417 288 1
63 465 1
43 466 14
58 466 10
422 466 1
88 466 1
43 467 12
58 467 9
63 467 2
58 468 3
43 468 5
343 164 1
275 164 1
58 469 9
43 469 11
43 470 12
58 470 12
63 470 1
160 429 3
160 357 1
43 471 9
58 471 9
361 472 1
251 338 1
58 472 6
43 472 7
43 473 15
58 473 13
58 474 13
43 474 11
43 475 13
58 475 14
63 475 1
327 430 1
323 430 1
160 351 1
43 476 13
58 476 13
63 476 2
63 446 1
152 45 1
172 408 1
43 477 3
361 477 1
58 478 1
43 478 6
58 479 8
43 479 13
43 480 15
58 480 15
43 481 15
58 481 13
163 170 1
43 482 10
58 482 10
43 483 9
58 483 6
160 267 1
63 330 2
142 330 1
141 330 1
427 309 1
166 309 1
431 309 1
67 439 1
43 484 10
58 484 9
160 420 1
361 420 1
166 455 1
43 485 8
58 485 8
43 486 9
58 486 4
343 423 1
58 487 3
43 487 6
327 274 1
169 274 1
43 488 12
58 488 10
63 441 1
43 489 14
58 489 13
158 489 1
288 367 1
191 367 1
43 490 17
58 490 17
43 491 10
58 491 9
361 326 1
236 326 1
428 326 1
43 492 12
58 492 11
428 367 1
58 493 9
43 493 11
343 427 1
63 430 1
43 494 13
58 494 11
63 494 6
63 407 1
43 495 6
236 253 1
58 496 5
43 496 8
422 487 1
43 497 11
58 497 11
160 497 1
1 88 1
160 191 1
43 498 16
58 498 13
43 499 9
58 499 9
361 431 1
424 431 1
43 500 10
58 500 10
58 501 15
43 501 16
43 502 15
58 502 15
43 503 15
58 503 15
43 504 10
58 504 11
58 505 10
63 505 1
43 505 9
384 388 1
43 506 7
58 506 3
43 507 5
43 508 10
58 508 6
417 439 2
164 439 1
43 509 13
58 509 14
417 434 1
367 434 1
43 510 6
58 510 9
343 424 3
416 424 2
58 511 12
43 511 11
58 512 12
43 512 11
382 512 1
58 513 13
43 513 15
463 471 1
63 513 1
43 514 14
58 514 13
63 514 1
43 515 7
58 515 4
160 127 1
58 516 4
43 516 4
43 517 13
58 517 9
43 518 14
58 518 13
63 450 3
43 519 8
58 519 11
244 322 1
43 520 13
58 520 9
63 520 1
155 154 1
43 521 11
58 521 11
63 521 1
258 264 1
43 522 11
58 522 12
43 523 12
58 523 13
43 524 11
58 524 8
63 524 1
63 525 1
58 526 7
43 526 11
160 476 1
58 527 12
43 527 10
63 392 2
43 528 16
58 528 14
384 56 1
43 529 12
148 472 1
58 529 10
43 530 8
58 530 5
166 338 1
160 39 1
43 531 11
58 531 2
63 531 1
43 532 13
58 532 14
58 533 9
43 533 12
417 453 1
105 453 1
63 533 1
43 534 12
58 534 13
43 535 8
58 535 6
361 535 1
428 460 1
43 536 14
58 536 10
384 429 1
148 429 1
163 429 1
151 493 1
58 537 13
43 537 14
63 537 1
43 539 7
58 539 2
43 540 11
58 540 8
63 382 1
63 540 3
43 541 11
63 541 3
58 541 11
485 489 1
158 493 1
58 542 10
43 542 9
417 472 1
43 543 14
58 543 12
63 543 1
489 541 1
43 544 12
58 544 9
220 399 1
58 545 10
43 545 15
63 545 2
43 546 15
58 546 12
43 547 16
58 547 18
63 547 2
361 357 1
417 422 1
327 422 1
164 422 1
43 548 5
58 548 2
63 548 1
63 479 1
65 59 1
43 549 6
58 549 4
43 550 8
58 550 7
43 551 13
58 551 14
230 111 1
43 552 11
58 552 11
58 553 16
43 553 14
417 431 1
63 542 3
472 542 1
553 542 1
58 554 14
216 422 1
43 554 12
43 555 8
58 555 10
43 556 17
58 556 13
361 367 1
63 556 1
43 557 13
58 557 12
63 557 2
139 228 1
148 542 1
63 558 1
43 558 11
58 558 11
58 559 9
43 559 10
43 560 10
58 560 11
43 561 15
58 561 15
43 562 13
58 562 8
43 563 12
58 563 12
43 564 8
427 230 1
240 230 1
58 564 9
58 565 9
43 565 11
63 564 2
105 553 1
417 43 2
43 566 16
63 566 1
58 566 7
43 567 12
58 567 12
43 568 9
58 568 9
123 422 1
417 553 1
43 569 12
58 569 12
415 416 1
378 416 1
58 570 11
43 570 9
407 293 1
58 571 16
43 571 16
63 571 2
152 497 1
58 572 16
43 572 18
451 236 1
63 572 1
43 573 15
58 573 13
43 574 7
58 574 10
167 190 2
29 190 1
433 190 1
378 190 1
367 190 1
105 190 1
153 190 1
7 190 1
0 190 1
63 469 1
43 575 13
58 575 16
63 555 3
535 542 1
169 429 1
63 575 1
43 576 13
58 576 11
43 577 14
58 577 14
63 576 2
63 577 1
43 578 12
58 578 11
43 579 6
58 579 9
160 454 1
236 439 1
43 580 13
58 580 15
63 509 1
63 580 2
43 581 16
58 581 11
63 581 2
43 582 14
58 582 10
361 469 1
309 576 1
105 435 1
43 583 11
58 583 12
63 583 4
63 422 2
43 584 13
58 584 12
63 584 1
43 586 8
58 586 11
43 587 10
58 587 8
58 588 13
43 588 15
417 545 1
43 589 16
63 589 1
58 589 12
417 528 1
148 528 1
58 590 9
43 590 11
236 444 1
43 585 8
58 585 9
43 591 10
58 591 10
63 523 2
67 457 1
43 592 12
58 592 12
472 338 1
58 593 10
43 593 12
43 594 12
58 594 11
43 595 11
58 595 11
43 596 14
58 596 14
164 565 1
43 597 13
58 597 14
43 147 2
43 598 8
58 598 7
148 570 1
43 599 10
58 599 13
542 483 1
43 600 12
58 600 11
63 600 1
43 601 10
58 601 9
58 602 8
43 602 10
43 603 7
58 603 8
361 292 1
58 605 16
43 605 15
63 605 4
63 565 1
58 606 10
43 606 12
63 606 2
7 600 1
58 607 18
43 607 17
58 608 15
63 473 1
43 608 14
160 367 1
58 609 13
43 609 9
417 166 2
43 610 14
58 610 13
58 611 9
43 611 10
140 417 1
384 437 1
344 437 1
43 612 15
58 612 13
43 525 2
43 613 8
58 613 7
43 614 5
58 614 7
58 615 11
63 359 1
43 615 6
610 540 1
43 616 15
58 616 15
43 617 14
58 617 7
417 610 1
429 161 1
43 618 13
58 618 14
43 619 8
58 619 9
63 603 1
58 620 10
43 620 12
63 620 1
275 347 1
43 621 15
58 621 13
58 622 15
43 622 15
63 149 1
141 149 1
142 149 2
58 623 6
43 623 6
58 624 12
43 604 15
58 604 12
417 437 1
43 624 11
147 192 1
58 625 15
43 625 16
63 625 2
43 626 6
58 626 7
43 627 18
58 627 15
43 628 17
58 628 15
67 297 1
43 629 14
58 629 16
7 546 1
43 630 8
58 630 8
147 220 1
43 631 16
58 631 15
357 308 1
43 632 13
58 632 13
63 632 2
166 231 1
166 431 1
43 633 10
58 633 11
63 633 2
290 318 1
325 318 1
43 634 10
58 634 9
43 635 10
58 635 7
165 83 1
552 631 1
632 537 1
58 636 13
43 636 13
63 636 2
63 425 2
58 637 10
43 637 11
63 517 2
58 638 5
43 639 8
58 639 6
76 82 1
0 616 1
382 637 1
222 182 1
430 182 1
43 640 3
58 640 3
43 638 6
43 641 11
58 641 11
58 642 10
43 642 14
63 642 2
599 612 1
421 608 1
537 417 1
165 331 1
43 643 9
58 643 9
627 417 1
500 417 1
43 644 17
58 644 16
150 236 1
43 645 14
58 645 14
581 542 1
58 646 12
384 646 1
540 636 1
43 646 9
63 646 1
43 647 18
58 647 17
63 647 2
105 417 1
43 648 15
58 648 11
63 648 5
43 649 10
58 649 9
43 650 15
58 650 15
63 650 1
43 651 15
58 651 11
63 651 5
43 44 3
58 44 4
43 652 8
58 652 9
63 652 2
384 475 1
417 452 1
58 653 14
43 653 14
361 307 1
43 654 15
58 654 11
58 655 13
43 655 12
63 655 1
537 627 1
43 656 11
58 656 10
63 656 2
43 657 17
58 657 17
58 658 9
43 658 7
43 659 12
58 659 14
63 659 1
43 660 11
58 660 11
318 105 1
43 661 8
58 661 8
43 662 11
58 662 12
43 663 12
58 663 11
58 664 17
43 664 13
63 664 4
163 207 1
58 665 11
43 665 10
43 11 2
58 11 2
160 647 1
660 473 1
43 666 10
58 666 8
43 667 12
293 188 1
58 667 11
43 668 15
58 668 14
63 668 2
63 660 1
421 660 1
337 338 1
58 669 13
43 669 11
58 670 13
236 486 1
43 670 14
58 671 14
43 671 16
63 671 1
58 672 8
43 672 8
43 673 12
58 673 16
537 643 1
343 341 1
43 674 12
58 674 10
221 242 1
428 611 1
43 675 11
58 675 11
63 665 4
58 676 11
43 676 12
479 645 1
63 672 2
58 677 11
43 677 10
58 678 13
43 678 13
63 678 1
58 679 13
43 679 12
417 665 1
58 680 12
43 680 13
43 681 6
58 681 7
58 682 16
43 682 20
63 682 1
142 150 2
141 150 2
43 683 13
58 683 10
43 684 9
58 684 7
63 685 2
43 685 14
58 685 12
63 683 3
63 686 4
43 686 15
58 686 12
58 687 8
43 687 11
63 687 5
43 688 14
63 688 3
58 688 10
43 689 10
58 689 10
58 690 7
43 690 8
686 610 1
63 690 3
43 691 10
58 691 10
43 692 10
58 692 8
43 693 11
58 693 10
58 694 12
43 694 12
63 694 1
361 674 1
43 695 13
58 695 13
63 585 1
429 540 1
542 417 1
63 628 1
58 696 14
43 696 11
163 105 1
172 164 1
343 166 1
43 697 12
58 697 11
535 274 1
43 698 6
63 698 3
58 698 6
63 697 2
63 295 1
43 699 12
63 699 2
58 699 9
43 700 9
58 700 9
540 699 1
63 701 1
43 701 10
58 701 11
43 702 8
58 702 11
58 703 12
43 703 12
636 610 1
43 704 9
58 704 10
63 704 1
43 705 11
58 705 9
63 705 3
151 610 1
509 610 1
63 680 1
43 706 12
58 706 10
43 707 9
58 707 9
63 707 4
43 708 14
63 708 5
58 708 9
43 709 11
58 709 10
63 709 1
63 710 3
43 710 13
58 710 13
58 711 10
43 711 7
63 711 1
43 712 9
58 712 8
421 453 1
326 536 1
43 713 11
58 713 10
63 713 1
43 714 10
58 714 10
43 715 11
58 715 11
43 716 9
58 716 10
236 436 1
58 717 6
43 717 5
58 718 12
43 718 7
58 719 7
43 719 8
43 720 9
58 720 10
43 721 14
58 721 12
63 721 2
43 722 9
58 722 9
43 723 9
58 723 9
63 723 2
43 724 9
58 724 10
63 724 2
610 553 1
43 725 12
58 725 9
63 725 4
43 726 12
58 726 12
63 726 1
43 727 8
58 727 8
43 728 8
58 728 7
63 728 3
58 729 14
43 729 17
63 729 9
43 730 13
58 730 12
63 730 2
43 731 7
58 731 6
22 731 1
43 732 15
58 732 13
63 732 3
58 733 9
43 733 11
63 733 1
43 734 13
58 734 15
721 732 1
58 735 11
43 735 11
63 735 2
58 736 11
43 736 10
63 736 1
58 737 12
43 737 11
610 721 1
43 738 18
58 738 17
58 739 10
43 739 8
43 740 14
58 740 12
63 740 3
63 738 1
43 741 11
58 741 8
63 741 5
678 429 1
223 738 1
63 742 6
43 742 10
58 742 5
702 417 1
43 743 7
58 743 6
63 744 7
610 616 1
58 744 8
43 744 7
610 683 1
462 744 1
43 745 11
58 745 10
702 163 1
63 745 1
58 746 12
43 746 13
169 376 1
63 727 1
574 610 1
63 746 1
58 747 10
43 747 12
63 747 5
58 748 7
43 748 5
77 80 1
43 749 12
58 749 12
43 750 7
58 750 9
63 750 1
43 751 11
58 751 11
43 752 8
58 752 9
63 752 3
63 630 2
217 105 1
173 512 1
186 512 1
401 512 1
491 512 1
449 512 1
753 731 1
58 754 11
43 754 10
683 678 1
63 749 3
151 745 1
725 73 1
63 754 3
58 753 8
43 753 7
43 755 9
58 755 11
58 161 1
63 755 2
43 15 1
63 15 1
43 756 14
58 756 11
63 756 5
417 405 1
43 757 10
58 757 9
58 758 9
43 758 13
63 758 2
63 574 1
63 757 1
746 627 1
63 759 1
58 759 11
43 759 9
58 760 16
43 760 16
63 760 3
0 419 1
759 417 1
43 761 14
58 761 13
420 16 1
63 761 3
417 760 1
58 762 11
610 309 1
43 762 11
63 762 2
105 761 1
574 429 1
55 147 1
293 405 1
105 759 1
43 763 10
58 763 9
63 763 3
63 532 1
43 764 7
58 764 7
63 764 4
430 381 1
105 659 1
105 43 1
43 766 8
58 766 10
63 766 2
744 309 1
43 767 13
58 767 12
760 732 1
420 766 1
63 767 3
393 420 1
43 768 9
58 768 10
63 768 4
766 764 1
43 769 16
63 769 6
58 769 12
244 473 1
58 770 9
43 770 8
152 360 1
417 764 1
63 765 1
43 765 3
58 765 4
63 497 1
421 497 1
63 770 1
58 771 12
43 771 14
63 771 3
287 150 1
417 748 1
163 748 1
433 644 1
63 607 1
742 748 1
748 763 1
43 772 6
58 772 6
770 754 1
745 743 1
497 771 1
58 773 16
43 773 18
63 773 4
63 772 1
39 771 1
236 281 1
58 774 10
43 774 9
58 775 9
63 775 5
43 775 12
683 775 1
43 776 16
58 776 12
63 776 4
43 777 16
58 777 12
63 777 4
776 771 1
43 778 8
58 778 6
63 778 4
63 614 1
58 779 12
43 779 15
63 779 5
283 167 1
63 154 1
58 780 6
63 780 3
43 780 5
464 428 1
43 781 15
58 781 12
754 436 1
63 781 4
43 782 17
58 782 13
63 782 4
599 274 1
63 188 2
58 783 10
43 783 12
63 783 3
63 640 1
275 187 1
58 784 10
43 784 10
63 784 3
459 732 1
43 785 9
58 785 8
151 780 1
150 472 1
782 472 1
63 785 2
43 786 12
63 786 7
58 786 9
683 777 1
741 472 1
43 787 15
63 787 5
58 787 9
43 788 15
58 788 11
63 788 6
153 267 1
760 770 1
81 89 1
43 789 9
58 789 8
63 789 5
63 466 1
154 155 1
181 212 1
43 790 11
58 790 8
160 778 1
63 790 1
43 791 9
58 791 9
63 791 4
473 729 1
645 158 1
459 773 1
58 792 13
63 792 3
43 792 16
63 88 1
760 281 1
58 793 13
43 793 16
63 793 3
160 338 1
740 610 1
424 434 1
43 794 9
58 794 8
63 794 3
417 435 1
43 795 17
58 795 16
771 147 1
43 796 18
58 796 14
63 796 4
43 797 12
58 797 8
43 798 12
58 798 14
63 798 1
433 422 1
158 21 1
58 799 13
43 799 11
63 799 6
58 153 5
43 153 3
794 274 1
43 800 10
58 800 9
63 800 6
655 7 1
419 435 1
43 801 15
63 801 6
58 801 11
151 800 1
73 267 1
43 802 10
58 802 10
63 802 1
58 803 13
63 803 4
43 803 15
150 153 1
43 804 15
58 804 12
63 804 2
244 455 1
43 805 13
58 805 11
73 96 1
63 805 3
760 377 1
63 797 4
58 806 12
43 806 12
342 408 1
58 147 1
417 799 1
147 235 1
88 155 1
63 806 2
158 732 1
63 807 3
43 807 9
58 807 8
800 805 1
70 417 1
148 281 1
43 808 12
58 808 9
1 452 1
58 809 13
63 809 3
43 809 15
63 743 1
43 810 11
58 810 8
63 810 3
287 472 1
63 808 5
760 756 1
67 800 1
67 782 1
800 610 1
63 811 4
58 811 11
43 811 11
635 772 1
537 358 1
58 812 16
43 812 15
434 809 1
43 813 12
58 813 15
63 813 4
452 813 1
43 814 11
58 814 12
813 472 1
158 808 1
63 815 5
58 815 12
43 815 7
43 816 13
58 816 13
752 814 1
63 816 3
43 817 12
58 817 12
43 818 15
58 818 15
462 236 1
63 615 1
760 610 1
156 236 1
58 819 12
43 819 11
63 819 4
43 820 12
63 820 1
58 820 11
306 472 1
43 821 11
58 821 9
752 820 1
155 267 1
43 822 19
58 822 19
429 820 1
99 732 1
43 823 16
58 823 16
73 793 1
43 824 14
58 824 17
63 824 4
759 435 1
63 737 2
99 164 1
778 39 1
43 825 12
58 825 10
63 825 2
421 43 1
43 826 11
58 826 12
57 450 1
29 450 1
806 450 1
62 39 1
43 827 13
58 827 11
780 822 1
490 616 1
63 827 2
63 96 1
417 188 1
417 351 1
155 804 1
63 826 1
43 828 7
58 828 8
58 829 13
43 829 14
63 829 4
594 448 1
152 169 1
67 574 1
43 830 12
58 830 14
63 830 1
43 831 14
58 831 12
63 831 2
63 822 1
421 450 1
67 749 1
43 832 13
58 832 11
63 832 2
43 833 15
58 833 15
481 450 1
43 834 17
58 834 15
425 281 1
43 835 11
58 835 12
421 345 1
821 804 1
417 834 2
804 732 1
63 835 1
836 835 1
45 835 1
58 836 12
43 836 14
63 836 2
361 297 1
610 778 1
5 778 1
43 837 16
58 837 13
63 837 3
58 838 14
43 838 13
105 405 1
43 839 10
58 839 12
63 838 1
43 840 12
63 840 7
58 840 17
689 684 1
43 841 14
58 841 14
63 841 4
417 659 1
153 648 1
58 842 17
43 842 18
63 842 4
821 842 1
116 842 1
281 842 1
814 842 1
283 842 1
170 842 1
43 538 1
434 842 1
274 842 1
281 44 1
43 843 11
58 843 9
63 843 3
43 844 16
58 844 18
43 845 14
58 845 14
63 845 8
67 845 1
814 845 2
467 845 1
283 845 1
223 845 1
791 845 1
689 845 1
313 845 1
836 845 1
738 845 1
793 832 1
610 43 1
491 844 1
684 845 1
472 842 1
610 842 1
162 842 1
636 429 1
58 846 8
63 846 2
43 846 8
43 847 12
63 847 3
58 847 8
171 827 1
58 848 6
43 848 6
830 171 1
4 848 1
43 849 9
58 849 11
63 849 3
7 450 1
97 283 1
58 850 12
43 850 15
63 850 6
821 838 1
63 851 11
58 851 11
43 851 10
847 778 1
847 836 1
58 852 13
43 852 12
63 852 2
226 851 1
704 17 1
43 853 15
58 853 13
472 845 1
742 845 1
63 853 10
170 845 1
639 845 1
773 845 1
844 845 1
467 842 1
58 854 8
43 854 12
63 854 5
833 845 1
58 855 15
43 855 15
63 855 3
58 856 5
43 856 6
63 856 6
223 856 1
43 857 8
63 857 3
58 857 5
58 858 17
43 858 16
63 858 3
275 346 1
43 23 2
58 23 2
43 859 11
58 859 10
63 859 9
293 162 1
845 860 1
61 834 1
43 860 7
58 860 7
63 860 6
43 861 17
63 861 6
58 861 17
165 850 1
63 561 1
63 862 6
58 862 6
43 862 9
43 863 13
63 863 3
58 863 14
63 670 1
165 863 1
58 864 11
63 864 5
43 864 10
659 861 1
43 865 13
63 865 7
58 865 10
223 562 1
223 863 1
293 865 1
43 866 9
58 866 5
63 866 2
452 854 1
43 59 2
170 575 1
63 867 7
58 867 9
43 867 11
43 868 17
58 868 18
359 472 1
63 868 2
43 869 12
58 869 11
63 739 1
793 863 1
63 869 3
63 609 1
43 870 18
58 870 13
63 870 9
63 844 1
778 258 1
429 660 1
43 871 12
58 871 9
63 871 3
791 823 1
43 872 11
58 872 9
63 872 8
43 873 17
58 873 11
63 873 9
828 860 1
159 267 1
52 471 1
43 874 12
58 874 9
63 13 1
43 13 2
58 13 1
771 471 1
52 771 1
63 874 6
58 875 11
63 875 3
43 875 12
223 717 1
63 146 1
142 146 1
141 146 2
63 876 4
43 876 10
58 876 10
52 354 1
778 354 1
43 877 13
58 877 11
63 877 10
668 354 1
43 878 15
58 878 12
63 878 12
421 875 1
359 878 1
57 878 1
863 878 1
63 879 8
43 879 11
58 879 11
472 878 1
83 878 1
873 878 1
330 878 1
717 878 1
63 621 1
281 878 1
354 878 1
10 878 1
143 878 1
165 878 1
9 878 1
67 878 2
168 878 1
791 878 1
30 354 1
851 472 1
160 879 1
43 880 11
63 880 6
58 880 11
786 878 1
874 878 1
58 881 11
43 881 15
63 881 4
780 281 1
452 878 1
158 878 1
865 878 1
43 882 13
58 882 10
63 882 5
43 883 13
63 883 2
58 883 13
43 884 12
58 884 10
63 884 7
717 223 1
424 497 1
63 368 1
43 885 10
58 885 8
63 885 2
94 0 1
244 0 1
43 886 4
58 886 7
873 309 1
67 885 1
471 854 1
43 887 16
58 887 15
63 887 5
586 545 1
43 888 15
58 888 9
63 888 8
732 850 1
38 878 1
222 878 1
144 878 1
63 654 1
283 878 1
43 889 10
58 889 5
63 889 7
58 890 14
63 890 4
43 890 15
63 834 1
58 891 13
43 891 16
537 878 1
11 878 1
63 891 2
421 151 1
58 892 12
63 892 7
43 892 13
57 845 1
58 893 11
43 893 13
63 893 3
43 4 2
58 4 2
610 429 1
43 894 14
58 894 12
63 634 1
223 878 1
150 878 1
29 878 1
258 878 1
63 894 5
63 895 6
58 895 15
43 895 11
887 422 1
740 595 1
786 874 1
58 896 7
43 896 9
63 896 5
43 897 13
58 897 10
63 897 5
417 275 1
58 898 10
43 898 16
63 898 7
43 899 13
58 899 8
63 899 6
43 900 8
58 900 5
63 900 1
43 901 11
58 901 10
63 901 8
58 902 13
43 902 10
63 902 6
43 903 15
58 903 8
63 903 8
43 904 11
58 904 8
63 904 3
28 905 1
43 905 9
63 905 10
58 905 9
666 814 1
165 68 1
58 906 11
63 906 5
43 906 12
63 907 3
43 907 6
58 907 7
63 753 1
63 908 7
58 908 10
43 908 11
58 909 10
63 909 7
43 909 14
872 429 1
43 910 12
58 910 10
63 910 2
43 911 8
58 911 9
63 911 4
281 297 1
43 912 13
58 912 13
63 912 3
43 913 16
58 913 10
63 913 6
43 914 14
63 914 11
58 914 10
63 552 1
43 915 8
58 915 10
63 915 6
43 916 8
58 916 10
63 916 3
429 897 1
292 429 1
58 917 8
43 917 8
897 909 1
63 340 2
58 918 9
43 918 9
63 918 3
63 919 6
43 919 15
58 919 11
43 920 13
58 920 11
63 920 11
267 917 1
43 921 11
63 921 6
58 921 13
836 446 1
914 267 1
63 260 2
43 922 13
58 922 10
63 922 8
43 923 10
58 923 7
63 923 10
922 359 1
43 924 13
63 924 4
58 924 11
471 166 1
836 924 1
43 925 11
58 925 13
63 925 2
58 926 11
43 926 16
63 926 4
852 165 1
43 927 7
58 927 10
273 878 1
568 878 1
922 878 1
63 927 2
58 928 13
43 928 14
167 927 1
817 895 1
446 213 1
63 147 2
142 147 1
141 147 1
58 929 13
43 929 14
63 929 2
568 887 1
906 274 1
63 930 7
43 930 8
58 930 9
906 908 1
58 931 14
43 931 15
63 931 6
451 281 1
931 281 1
63 928 1
63 932 4
43 932 11
58 932 9
928 717 1
63 702 1
43 933 12
58 933 9
63 933 6
435 148 1
256 933 1
771 933 1
43 934 13
58 934 13
933 924 1
63 934 6
624 878 1
582 878 1
63 935 8
58 935 7
43 935 10
925 267 1
58 936 14
43 936 12
924 349 1
63 936 1
43 29 2
58 29 2
63 139 1
43 937 12
58 937 6
63 937 3
43 938 11
58 938 13
878 472 1
63 938 4
105 939 1
157 939 1
43 939 16
58 939 12
63 939 8
886 938 1
756 281 1
63 940 8
43 940 16
58 940 14
58 941 7
43 941 8
63 941 4
906 102 1
30 941 1
43 942 15
63 942 3
58 942 13
165 521 1
834 942 1
188 156 1
165 924 1
43 943 13
58 943 10
63 943 9
63 944 6
43 944 16
58 944 10
105 944 1
421 944 1
43 945 15
58 945 8
424 901 1
63 945 7
58 946 10
43 946 15
63 946 7
924 151 1
417 267 1
43 947 7
63 947 5
58 947 5
43 948 16
63 948 9
58 948 11
58 949 9
43 949 13
63 949 6
67 942 1
105 949 1
43 950 9
58 950 9
63 950 9
43 951 9
58 951 10
63 951 8
63 181 1
43 952 10
58 952 9
63 952 8
91 187 1
67 536 1
43 953 14
58 953 14
63 953 5
43 954 11
58 954 11
63 954 5
92 429 1
30 429 1
58 955 12
43 955 14
906 4 1
63 955 2
462 55 1
58 956 11
43 956 13
63 956 1
43 957 13
58 957 9
63 957 12
63 593 1
622 359 1
427 163 1
43 958 11
58 958 12
63 958 5
622 450 1
142 144 2
435 434 1
0 450 1
417 878 1
63 959 6
43 959 8
58 959 9
43 16 1
58 16 1
894 281 1
906 959 1
58 960 5
63 960 5
43 960 7
43 961 11
58 961 14
780 954 1
611 928 1
63 961 4
220 912 1
961 40 1
58 962 10
43 962 12
812 281 1
63 962 5
37 281 1
43 42 2
58 42 2
223 272 1
55 358 1
870 281 1
63 44 1
58 963 12
43 963 11
63 963 9
765 44 1
160 765 1
167 430 1
414 44 1
58 964 12
43 964 15
63 964 3
281 868 1
43 965 13
58 965 9
63 965 6
58 966 15
43 966 12
63 966 3
450 354 1
43 967 13
58 967 11
63 967 4
752 414 1
58 968 10
43 968 11
63 968 2
43 38 1
58 38 1
58 969 18
43 969 18
153 969 2
43 970 13
58 970 10
906 878 1
63 970 3
58 971 8
43 971 11
63 971 3
43 972 8
58 972 5
63 972 7
63 221 2
144 148 1
43 973 10
58 973 10
63 973 6
220 221 1
108 119 1
220 414 1
58 974 10
43 974 11
63 974 6
223 409 1
63 975 4
43 975 10
58 975 10
221 738 1
30 223 1
58 976 12
43 976 14
421 969 1
221 148 1
63 976 2
43 977 9
58 977 8
63 977 4
265 281 1
43 978 14
58 978 13
906 976 1
63 978 2
43 979 13
63 979 3
58 979 10
16 258 1
63 980 6
58 980 12
43 980 13
221 349 1
223 349 1
220 349 1
537 979 1
43 981 17
58 981 9
63 981 12
970 981 1
63 982 8
43 982 12
58 982 8
43 983 8
58 983 8
63 983 3
281 472 1
5 878 1
58 984 12
63 984 6
43 984 17
429 977 1
43 985 15
58 985 14
63 985 6
66 3 1
58 986 17
43 986 19
63 986 3
58 987 4
43 987 4
63 987 4
43 988 11
58 988 9
63 988 4
851 281 1
974 988 1
58 989 8
43 989 8
63 989 3
429 900 1
933 170 1
988 861 1
58 990 9
43 990 12
63 990 8
928 509 1
928 359 1
43 991 9
58 991 7
63 991 5
912 571 1
420 164 1
861 223 1
988 985 1
168 309 1
33 992 1
40 992 1
571 989 1
223 732 1
43 992 8
58 992 4
63 992 4
378 672 1
911 164 1
987 281 1
63 601 2
170 732 1
990 281 1
67 895 1
153 895 1
63 715 1
43 993 8
58 993 7
63 993 8
415 281 1
912 453 1
912 732 1
461 16 1
58 994 6
43 994 5
63 994 1
43 995 11
58 995 10
63 995 5
760 158 1
786 994 1
163 3 1
994 832 1
182 995 1
870 871 1
43 996 4
58 996 3
732 989 1
63 996 1
319 878 1
43 998 6
58 998 6
928 167 1
83 280 1
15 1 1
998 1 2
999 1 2
996 147 1
63 999 2
58 999 4
173 182 1
784 999 1
43 999 2
766 309 1
244 309 1
43 1000 5
63 1000 1
58 1000 4
169 878 1
170 878 1
488 372 1
810 281 1
752 1000 1
5 1000 1
43 1001 7
63 1001 5
58 1001 4
160 165 1
159 169 1
928 159 1
164 996 1
165 969 1
43 1002 6
63 1002 2
729 429 1
58 1002 6
424 635 1
421 993 1
635 1002 1
1001 281 1
417 637 1
58 1003 4
1 9 1
601 9 1
614 9 1
43 1003 3
63 1003 2
582 144 1
283 160 1
43 997 4
58 997 4
267 1001 1
999 345 1
354 160 1
635 983 1
43 1004 9
58 1004 5
63 1004 6
220 170 1
461 1003 1
924 3 1
429 82 1
58 1005 9
63 1005 4
43 1005 11
352 55 1
635 993 1
0 827 1
165 1 1
870 443 1
150 1002 1
58 1006 9
43 1006 9
659 281 1
63 1006 5
67 1006 1
267 635 1
520 429 1
827 980 1
969 991 1
155 0 1
159 1 1
169 159 1
281 438 1
281 148 1
429 265 1
1007 20 1
172 1 1
170 281 1
43 1007 4
43 1008 5
58 1008 6
63 1008 1
635 1007 1
752 987 1
1008 349 1
727 983 1
43 1009 6
58 1009 4
2 666 1
63 1009 3
3 1009 1
63 1010 4
58 1010 6
43 1010 6
43 1011 2
58 1011 2
924 1012 1
21 1012 1
1008 1013 1
42 1014 1
1010 1014 1
924 1013 1
58 1007 3
924 1015 2
169 1012 1
1010 1016 1
924 1016 2
1017 1015 1
1015 1017 1
924 1017 2
58 1018 2
43 1018 2
1011 1010 1
1019 1018 1
1015 1018 1
1016 1018 1
924 1018 1
1016 1015 1
1018 1019 1
1015 1019 2
1018 1017 1
924 1019 1
43 1020 1
67 1020 1
63 1020 2
1015 1020 1
58 1020 1
63 503 2
924 1021 2
1015 1021 1
1020 1021 1
1018 1020 1
43 1022 1
58 1022 2
58 1023 2
43 1023 2
924 1020 1
1018 149 1
1015 1022 1
1020 1017 1
1015 1024 2
1018 1024 2
1016 1023 1
1017 1023 1
5 1021 1
1017 1021 2
1024 1026 1
1021 1022 1
0 1025 1
1017 1024 1
1026 1013 2
1024 1027 2
58 1027 2
43 1027 2
1022 1026 2
1019 1021 1
1015 1027 1
0 1019 1
1023 1022 1
1015 1025 2
1024 1025 2
1023 1027 1
1022 1024 2
1010 1029 1
1025 1027 1
1022 1021 1
1028 1021 1
1028 1030 1
1027 1030 1
1022 1028 1
1015 1023 1
1022 1023 1
1022 1025 1
1015 1030 1
1029 1024 1
1027 1026 1
1027 1023 1
1030 1028 1
1004 450 1
1027 1032 1
1026 1030 1
450 1027 1
1022 1027 1
450 1030 1
1024 1030 2
1015 1026 1
1022 1029 1
1015 1032 1
1015 1033 2
1030 1031 1
1027 1033 3
1004 1034 1
1032 1033 2
43 1035 6
58 1035 6
1029 1027 1
110 1020 1
1015 167 1
1022 167 1
1024 167 1
1024 1037 1
1016 1037 1
58 1037 4
43 1037 5
763 168 1
1030 1032 1
537 1 1
1031 1030 1
43 1028 2
58 1028 2
43 1038 4
63 1038 1
58 1038 2
63 1039 1
58 1039 6
43 1039 5
1032 1038 2
1029 1014 1
1030 1029 1
1031 1029 2
1034 1029 1
1027 1034 1
1037 1039 1
1027 1039 1
1034 1030 1
1024 281 1
811 1037 1
1011 1015 1
1029 1026 1
1031 1039 1
1027 429 1
1027 1028 1
983 1036 1
1026 1024 1
21 1039 1
1029 1039 1
1033 1039 1
1018 1039 1
1008 1011 1
1027 1024 1
1028 1024 1
983 1033 1
169 1041 1
1028 1033 1
1035 1015 1
1020 1039 2
1024 1040 1
1039 1040 1
1021 1041 1
1040 1028 1
58 1041 2
43 1041 3
169 912 1
1009 1035 1
1028 1038 1
1029 1032 1
110 1034 1
359 1041 1
1033 1036 1
1036 993 1
1041 1036 1
1022 865 1
434 1039 2
435 836 1
1036 836 1
861 1006 1
43 1043 7
58 1043 8
1005 1033 1
1043 1039 2
1004 1039 1
1004 1030 1
1041 281 1
379 144 1
275 281 1
636 1039 1
1026 1039 1
435 1026 1
1009 1028 1
766 429 1
43 1045 5
58 1045 5
63 1045 1
67 1045 1
1025 1045 1
814 1042 1
63 1007 1
58 1046 1
1028 912 1
1008 1044 1
912 1041 1
1028 1041 1
1044 1041 1
55 1044 1
1034 1041 1
1039 1007 1
1043 1009 1
1030 1036 1
1031 1044 1
1016 1027 1
58 1047 4
43 1047 4
1042 874 1
57 1041 1
1040 1031 1
983 1027 1
1036 1046 2
1044 1046 1
1040 1046 1
1028 57 1
1047 1040 1
1030 1044 1
1038 1041 1
1028 878 1
1040 878 2
1025 878 1
1015 878 2
1045 878 1
1047 878 1
359 983 1
58 1048 3
43 1048 4
63 1048 1
1029 532 1
1033 1015 1
1009 1010 1
1031 1048 1
42 1049 1
1033 1027 1
429 167 1
1041 993 1
1049 1022 1
43 1050 4
58 1050 6
1022 1049 1
1036 1050 1
1048 167 2
1016 993 1
63 1051 2
1044 1049 1
43 1051 5
58 1051 5
1050 1028 1
445 1047 1
1031 1028 1
1043 1031 1
1009 1008 1
110 961 1
1051 1034 1
1046 1034 1
110 1042 1
1024 1042 1
1024 961 1
43 1052 4
58 1052 4
1029 1048 1
1050 1033 1
58 158 1
1011 1041 1
1046 1008 1
1008 519 1
1033 1053 1
1043 281 1
1053 1012 1
58 1054 1
43 1054 2
63 1054 1
1016 150 1
1011 1054 1
1033 1016 1
666 1011 1
154 345 1
1053 1041 1
1054 1055 2
1025 1020 1
421 1044 1
43 1044 2
58 1044 2
1041 1055 1
168 1039 1
1004 878 1
144 146 1
1054 1050 1
85 878 1
810 345 1
63 1037 1
58 1056 2
43 1056 4
63 1056 2
1055 1037 1
1037 1056 1
1046 978 1
43 1057 7
58 1057 5
63 1057 3
1016 1042 1
987 429 1
7 1001 1
1011 1037 1
1016 1 1
434 1057 1
657 1001 1
1023 1057 1
1010 1028 1
43 1058 2
58 1058 2
1021 1058 1
1001 167 1
1053 888 1
58 1059 2
63 1059 4
43 1059 2
1059 1013 1
1042 1037 1
1046 1037 1
63 527 1
1033 1054 1
43 1060 2
43 1042 2
58 1042 2
1058 936 1
463 6 1
58 1060 2
63 1060 4
421 1060 1
55 1060 1
7 1053 1
1045 999 1
1061 878 2
55 1061 1
58 1061 2
43 1061 2
1060 167 1
1033 1062 1
43 1062 2
58 1062 3
969 827 1
1040 1060 1
743 988 1
63 1062 2
1050 1060 1
4 1062 1
1013 1056 1
63 371 2
1053 983 1
2 429 1
1013 1062 1
1060 1062 1
63 1063 2
58 1063 1
43 1063 1
1062 878 1
1034 878 1
1062 1023 1
1054 1053 1
1010 878 1
1008 1063 1
1023 52 1
72 1064 -3
1064 72 -1
227 1064 -3
1064 227 -1
434 1064 -3
1064 434 -1
24 1064 -3
1064 24 -1
962 1064 -3
1064 962 -1
446 1064 -3
1064 446 -1
428 1064 -3
1064 428 -1
961 1064 -3
1064 961 -1
7 1064 -3
1064 7 -1
305 1064 -3
1064 305 -1
944 1064 -3
1064 944 -1
626 1064 -3
1064 626 -1
983 1064 -3
1064 983 -1
859 1064 -3
1064 859 -1
13 1064 -3
1064 13 -1
695 1064 -3
1064 695 -1
297 1064 -3
1064 297 -1
724 1064 -3
1064 724 -1
618 1064 -3
1064 618 -1
399 1064 -3
1064 399 -1
976 1064 -3
1064 976 -1
255 1064 -3
1064 255 -1
441 1064 -3
1064 441 -1
844 1064 -3
1064 844 -1
1014 1064 -3
1064 1014 -1
149 1064 -3
1064 149 -1
891 1064 -3
1064 891 -1
1030 1064 -3
1064 1030 -1
734 1064 -3
1064 734 -1
483 1064 -3
1064 483 -1
46 1064 -3
1064 46 -1
713 1064 -3
1064 713 -1
855 1064 -3
1064 855 -1
250 1064 -3
1064 250 -1
606 1064 -3
1064 606 -1
545 1064 -3
1064 545 -1
885 1064 -3
1064 885 -1
523 1064 -3
1064 523 -1
939 1064 -3
1064 939 -1
302 1064 -3
1064 302 -1
783 1064 -3
1064 783 -1
795 1064 -3
1064 795 -1
571 1064 -3
1064 571 -1
442 1064 -3
1064 442 -1
865 1064 -3
1064 865 -1
437 1064 -3
1064 437 -1
655 1064 -3
1064 655 -1
272 1064 -3
1064 272 -1
876 1064 -3
1064 876 -1
918 1064 -3
1064 918 -1
674 1064 -3
1064 674 -1
203 1064 -3
1064 203 -1
340 1064 -3
1064 340 -1
92 1064 -3
1064 92 -1
879 1064 -3
1064 879 -1
849 1064 -3
1064 849 -1
652 1064 -3
1064 652 -1
73 1064 -3
1064 73 -1
813 1064 -3
1064 813 -1
460 1064 -3
1064 460 -1
586 1064 -3
1064 586 -1
259 1064 -3
1064 259 -1
230 1064 -3
1064 230 -1
833 1064 -3
1064 833 -1
733 1064 -3
1064 733 -1
253 1064 -3
1064 253 -1
531 1064 -3
1064 531 -1
872 1064 -3
1064 872 -1
837 1064 -3
1064 837 -1
847 1064 -3
1064 847 -1
315 1064 -3
1064 315 -1
678 1064 -3
1064 678 -1
180 1064 -3
1064 180 -1
746 1064 -3
1064 746 -1
1062 1064 -3
1064 1062 -1
1041 1064 -3
1064 1041 -1
576 1064 -3
1064 576 -1
557 1064 -3
1064 557 -1
154 1064 -3
1064 154 -1
878 1064 -3
1064 878 -1
871 1064 -3
1064 871 -1
905 1064 -3
1064 905 -1
373 1064 -3
1064 373 -1
763 1064 -3
1064 763 -1
617 1064 -3
1064 617 -1
789 1064 -3
1064 789 -1
759 1064 -3
1064 759 -1
232 1064 -3
1064 232 -1
449 1064 -3
1064 449 -1
126 1064 -3
1064 126 -1
747 1064 -3
1064 747 -1
323 1064 -3
1064 323 -1
568 1064 -3
1064 568 -1
1047 1064 -3
1064 1047 -1
182 1064 -3
1064 182 -1
635 1064 -3
1064 635 -1
666 1064 -3
1064 666 -1
984 1064 -3
1064 984 -1
19 1064 -3
1064 19 -1
345 1064 -3
1064 345 -1
45 1064 -3
1064 45 -1
899 1064 -3
1064 899 -1
419 1064 -3
1064 419 -1
477 1064 -3
1064 477 -1
514 1064 -3
1064 514 -1
132 1064 -3
1064 132 -1
673 1064 -3
1064 673 -1
559 1064 -3
1064 559 -1
306 1064 -3
1064 306 -1
411 1064 -3
1064 411 -1
778 1064 -3
1064 778 -1
417 1064 -3
1064 417 -1
920 1064 -3
1064 920 -1
70 1064 -3
1064 70 -1
115 1064 -3
1064 115 -1
526 1064 -3
1064 526 -1
834 1064 -3
1064 834 -1
639 1064 -3
1064 639 -1
388 1064 -3
1064 388 -1
720 1064 -3
1064 720 -1
631 1064 -3
1064 631 -1
355 1064 -3
1064 355 -1
761 1064 -3
1064 761 -1
880 1064 -3
1064 880 -1
406 1064 -3
1064 406 -1
972 1064 -3
1064 972 -1
599 1064 -3
1064 599 -1
1035 1064 -3
1064 1035 -1
485 1064 -3
1064 485 -1
348 1064 -3
1064 348 -1
286 1064 -3
1064 286 -1
103 1064 -3
1064 103 -1
656 1064 -3
1064 656 -1
622 1064 -3
1064 622 -1
953 1064 -3
1064 953 -1
933 1064 -3
1064 933 -1
16 1064 -3
1064 16 -1
157 1064 -3
1064 157 -1
269 1064 -3
1064 269 -1
827 1064 -3
1064 827 -1
596 1064 -3
1064 596 -1
869 1064 -3
1064 869 -1
555 1064 -3
1064 555 -1
573 1064 -3
1064 573 -1
468 1064 -3
1064 468 -1
511 1064 -3
1064 511 -1
455 1064 -3
1064 455 -1
121 1064 -3
1064 121 -1
902 1064 -3
1064 902 -1
433 1064 -3
1064 433 -1
1032 1064 -3
1064 1032 -1
267 1064 -3
1064 267 -1
650 1064 -3
1064 650 -1
683 1064 -3
1064 683 -1
462 1064 -3
1064 462 -1
497 1064 -3
1064 497 -1
641 1064 -3
1064 641 -1
805 1064 -3
1064 805 -1
994 1064 -3
1064 994 -1
12 1064 -3
1064 12 -1
925 1064 -3
1064 925 -1
17 1064 -3
1064 17 -1
850 1064 -3
1064 850 -1
946 1064 -3
1064 946 -1
338 1064 -3
1064 338 -1
517 1064 -3
1064 517 -1
492 1064 -3
1064 492 -1
52 1064 -3
1064 52 -1
691 1064 -3
1064 691 -1
376 1064 -3
1064 376 -1
829 1064 -3
1064 829 -1
43 1064 -3
1064 43 -1
298 1064 -3
1064 298 -1
364 1064 -3
1064 364 -1
524 1064 -3
1064 524 -1
787 1064 -3
1064 787 -1
955 1064 -3
1064 955 -1
164 1064 -3
1064 164 -1
263 1064 -3
1064 263 -1
223 1064 -3
1064 223 -1
1003 1064 -3
1064 1003 -1
354 1064 -3
1064 354 -1
303 1064 -3
1064 303 -1
285 1064 -3
1064 285 -1
581 1064 -3
1064 581 -1
579 1064 -3
1064 579 -1
527 1064 -3
1064 527 -1
895 1064 -3
1064 895 -1
206 1064 -3
1064 206 -1
811 1064 -3
1064 811 -1
856 1064 -3
1064 856 -1
685 1064 -3
1064 685 -1
711 1064 -3
1064 711 -1
450 1064 -3
1064 450 -1
974 1064 -3
1064 974 -1
572 1064 -3
1064 572 -1
845 1064 -3
1064 845 -1
385 1064 -3
1064 385 -1
1004 1064 -3
1064 1004 -1
979 1064 -3
1064 979 -1
1065 1064 3
1064 1065 1
1066 1064 3
1064 1066 1
1067 1064 3
1064 1067 1
1068 1064 3
1064 1068 1
1069 1064 3
1064 1069 1
1070 1064 3
1064 1070 1
1071 1064 3
1064 1071 1
1072 1064 3
1064 1072 1
1073 1064 3
1064 1073 1
1074 1064 3
1064 1074 1
1075 1064 3
1064 1075 1
1076 1064 3
1064 1076 1
1077 1064 3
1064 1077 1
1078 1064 3
1064 1078 1
1079 1064 3
1064 1079 1
1080 1064 3
1064 1080 1
1081 1064 3
1064 1081 1
1082 1064 3
1064 1082 1
1083 1064 3
1064 1083 1
1084 1064 3
1064 1084 1
1085 1064 3
1064 1085 1
1086 1064 3
1064 1086 1
1087 1064 3
1064 1087 1
1088 1064 3
1064 1088 1
1089 1064 3
1064 1089 1
1090 1064 3
1064 1090 1
1091 1064 3
1064 1091 1
1092 1064 3
1064 1092 1
1093 1064 3
1064 1093 1
1094 1064 3
1064 1094 1
1095 1064 3
1064 1095 1
1096 1064 3
1064 1096 1
1097 1064 3
1064 1097 1
1098 1064 3
1064 1098 1
1099 1064 3
1064 1099 1
1100 1064 3
1064 1100 1
1101 1064 3
1064 1101 1
1102 1064 3
1064 1102 1
1103 1064 3
1064 1103 1
1104 1064 3
1064 1104 1
1105 1064 3
1064 1105 1
1106 1064 3
1064 1106 1
1107 1064 3
1064 1107 1
1108 1064 3
1064 1108 1
1109 1064 3
1064 1109 1
1110 1064 3
1064 1110 1
1111 1064 3
1064 1111 1
1112 1064 3
1064 1112 1
1113 1064 3
1064 1113 1
1114 1064 3
1064 1114 1
1115 1064 3
1064 1115 1
1116 1064 3
1064 1116 1
1117 1064 3
1064 1117 1
1118 1064 3
1064 1118 1
1119 1064 3
1064 1119 1
1120 1064 3
1064 1120 1
1121 1064 3
1064 1121 1
1122 1064 3
1064 1122 1
1123 1064 3
1064 1123 1
1124 1064 3
1064 1124 1
1125 1064 3
1064 1125 1
1126 1064 3
1064 1126 1
1127 1064 3
1064 1127 1
1128 1064 3
1064 1128 1
1129 1064 3
1064 1129 1
1130 1064 3
1064 1130 1
1131 1064 3
1064 1131 1
1132 1064 3
1064 1132 1
1133 1064 3
1064 1133 1
1134 1064 3
1064 1134 1
1135 1064 3
1064 1135 1
1136 1064 3
1064 1136 1
1137 1064 3
1064 1137 1
1138 1064 3
1064 1138 1
1139 1064 3
1064 1139 1
1140 1064 3
1064 1140 1
1141 1064 3
1064 1141 1
1142 1064 3
1064 1142 1
1143 1064 3
1064 1143 1
1144 1064 3
1064 1144 1
1145 1064 3
1064 1145 1
1146 1064 3
1064 1146 1
1147 1064 3
1064 1147 1
1148 1064 3
1064 1148 1
1149 1064 3
1064 1149 1
1150 1064 3
1064 1150 1
1151 1064 3
1064 1151 1
1152 1064 3
1064 1152 1
1153 1064 3
1064 1153 1
1154 1064 3
1064 1154 1
1155 1064 3
1064 1155 1
1156 1064 3
1064 1156 1
1157 1064 3
1064 1157 1
1158 1064 3
1064 1158 1
1159 1064 3
1064 1159 1
1160 1064 3
1064 1160 1
1161 1064 3
1064 1161 1
1162 1064 3
1064 1162 1
1163 1064 3
1064 1163 1
1164 1064 3
1064 1164 1
